time,deviceMode,vBat,ec,sal,tds,slowDallasTemp,fastBRTemp,slowBRPres,slowBRTemp,slowBRDepth
2025-04-29T14:39:23,1,3.97,34570.00,21.72,16597.00,999.00,7.38,1037.30,7.29,0.24
2025-04-29T14:39:23,1,3.99,34570.00,21.72,16597.00,999.00,7.38,1038.10,7.29,0.25
2025-04-29T14:39:23,1,3.96,34570.00,21.72,16597.00,999.00,7.39,1038.80,7.29,0.26
2025-04-29T14:39:24,1,3.98,34570.00,21.72,16597.00,999.00,7.39,1039.40,7.29,0.26
2025-04-29T14:39:24,1,3.97,34570.00,21.72,16597.00,999.00,7.39,1038.70,7.29,0.25
2025-04-29T14:39:24,1,3.97,34390.00,21.59,16508.00,999.00,7.38,1037.60,7.30,0.24
2025-04-29T14:39:24,1,3.96,34390.00,21.59,16508.00,999.00,7.38,1038.10,7.29,0.25
2025-04-29T14:39:24,1,3.97,34390.00,21.59,16508.00,999.00,7.38,1037.90,7.30,0.25
2025-04-29T14:39:25,1,3.98,34390.00,21.59,16508.00,999.00,7.39,1038.20,7.30,0.25
2025-04-29T14:39:25,1,3.95,34390.00,21.59,16508.00,999.00,7.39,1039.00,7.29,0.26
2025-04-29T14:39:25,1,3.97,34230.00,21.48,16430.00,999.00,7.39,1039.70,7.29,0.26
2025-04-29T14:39:25,1,3.97,34230.00,21.48,16430.00,999.00,7.40,1039.60,7.29,0.26
2025-04-29T14:39:25,1,3.95,34230.00,21.48,16430.00,999.00,7.40,1038.90,7.29,0.26
2025-04-29T14:39:26,1,3.97,34230.00,21.48,16430.00,999.00,7.40,1038.70,7.30,0.25
2025-04-29T14:39:26,1,3.96,34230.00,21.48,16430.00,999.00,7.40,1038.90,7.30,0.26
2025-04-29T14:39:26,1,3.98,34190.00,21.46,16416.00,999.00,7.40,1039.20,7.29,0.26
2025-04-29T14:39:26,1,3.99,34190.00,21.46,16416.00,999.00,7.40,1039.80,7.29,0.27
2025-04-29T14:39:26,1,3.97,34190.00,21.46,16416.00,999.00,7.42,1039.40,7.30,0.26
2025-04-29T14:39:27,1,3.97,34190.00,21.46,16416.00,999.00,7.40,1040.10,7.29,0.27
2025-04-29T14:39:27,1,3.98,34190.00,21.46,16416.00,999.00,7.40,1039.60,7.30,0.26
2025-04-29T14:39:27,1,3.99,34110.00,21.40,16375.00,999.00,7.40,1039.80,7.29,0.27
2025-04-29T14:39:27,1,3.98,34110.00,21.40,16375.00,999.00,7.40,1039.60,7.30,0.26
2025-04-29T14:39:27,1,3.97,34110.00,21.40,16375.00,999.00,7.42,1041.20,7.29,0.28
2025-04-29T14:39:28,1,3.95,34110.00,21.40,16375.00,999.00,7.40,1041.50,7.30,0.28
2025-04-29T14:39:28,1,3.97,34110.00,21.40,16375.00,999.00,7.41,1041.70,7.30,0.28
2025-04-29T14:39:28,1,3.98,34130.00,21.41,16382.00,999.00,7.41,1041.70,7.30,0.28
2025-04-29T14:39:28,1,3.97,34130.00,21.41,16382.00,999.00,7.41,1040.50,7.30,0.27
2025-04-29T14:39:28,1,3.95,34130.00,21.41,16382.00,999.00,7.41,1038.00,7.30,0.25
2025-04-29T14:39:29,1,3.97,34130.00,21.41,16382.00,999.00,7.42,1034.80,7.30,0.22
2025-04-29T14:39:29,1,3.97,34130.00,21.41,16382.00,999.00,7.40,1036.40,7.30,0.23
2025-04-29T14:39:29,1,3.99,34140.00,21.42,16388.00,999.00,7.41,1046.70,7.30,0.33
2025-04-29T14:39:29,1,3.97,34140.00,21.42,16388.00,999.00,7.42,1051.40,7.30,0.38
2025-04-29T14:39:29,1,3.96,34140.00,21.42,16388.00,999.00,7.41,1049.50,7.30,0.36
2025-04-29T14:39:30,1,3.95,34140.00,21.42,16388.00,999.00,7.42,1051.80,7.30,0.38
2025-04-29T14:39:30,1,3.95,34140.00,21.42,16388.00,999.00,7.40,1053.20,7.30,0.40
2025-04-29T14:39:30,1,3.98,34210.00,21.47,16423.00,999.00,7.42,1053.50,7.30,0.40
2025-04-29T14:39:30,1,3.96,34210.00,21.47,16423.00,999.00,7.42,1055.70,7.30,0.42
2025-04-29T14:39:30,1,3.99,34210.00,21.47,16423.00,999.00,7.41,1060.10,7.30,0.47
2025-04-29T14:39:31,1,3.97,34210.00,21.47,16423.00,999.00,7.41,1058.80,7.30,0.45
2025-04-29T14:39:31,1,3.98,34210.00,21.47,16423.00,999.00,7.41,1058.90,7.31,0.45
2025-04-29T14:39:31,1,3.97,34270.00,21.51,16452.00,999.00,7.42,1059.30,7.30,0.46
2025-04-29T14:39:31,1,3.98,34270.00,21.51,16452.00,999.00,7.41,1058.00,7.31,0.45
2025-04-29T14:39:31,1,3.99,34270.00,21.51,16452.00,999.00,7.40,1059.00,7.31,0.46
2025-04-29T14:39:32,1,3.98,34270.00,21.51,16452.00,999.00,7.41,1058.50,7.31,0.45
2025-04-29T14:39:32,1,3.96,34270.00,21.51,16452.00,999.00,7.41,1057.20,7.31,0.44
2025-04-29T14:39:32,1,3.99,34260.00,21.50,16447.00,999.00,7.41,1056.80,7.31,0.43
2025-04-29T14:39:32,1,3.99,34260.00,21.50,16447.00,999.00,7.42,1055.50,7.31,0.42
2025-04-29T14:39:32,1,3.96,34260.00,21.50,16447.00,999.00,7.41,1054.50,7.31,0.41
2025-04-29T14:39:33,1,3.97,34260.00,21.50,16447.00,999.00,7.41,1059.20,7.28,0.46
2025-04-29T14:39:33,1,3.99,34320.00,21.55,16477.00,999.00,7.41,1059.20,7.30,0.46
2025-04-29T14:39:33,1,3.97,34320.00,21.55,16477.00,999.00,7.41,1059.30,7.30,0.46
2025-04-29T14:39:33,1,3.99,34320.00,21.55,16477.00,999.00,7.41,1059.10,7.30,0.46
2025-04-29T14:39:34,1,3.97,34320.00,21.55,16477.00,999.00,7.41,1058.70,7.30,0.45
2025-04-29T14:39:34,1,3.95,34320.00,21.55,16477.00,999.00,7.40,1062.70,7.31,0.49
2025-04-29T14:39:34,1,3.95,34420.00,21.61,16523.00,999.00,7.40,1067.10,7.31,0.54
2025-04-29T14:39:34,1,3.98,34420.00,21.61,16523.00,999.00,7.40,1069.10,7.31,0.56
2025-04-29T14:39:34,1,3.96,34420.00,21.61,16523.00,999.00,7.40,1069.70,7.31,0.56
2025-04-29T14:39:35,1,3.97,34420.00,21.61,16523.00,999.00,7.40,1070.30,7.31,0.57
2025-04-29T14:39:35,1,3.97,34420.00,21.61,16523.00,999.00,7.40,1070.30,7.31,0.57
2025-04-29T14:39:35,1,3.95,34500.00,21.67,16562.00,999.00,7.39,1070.20,7.31,0.57
2025-04-29T14:39:35,1,3.98,34500.00,21.67,16562.00,999.00,7.38,1069.30,7.31,0.56
2025-04-29T14:39:35,1,3.99,34500.00,21.67,16562.00,999.00,7.40,1069.30,7.31,0.56
2025-04-29T14:39:36,1,3.95,34500.00,21.67,16562.00,999.00,7.40,1068.70,7.31,0.55
2025-04-29T14:39:36,1,3.97,34500.00,21.67,16562.00,999.00,7.38,1068.90,7.31,0.55
2025-04-29T14:39:36,1,3.96,34500.00,21.67,16562.00,999.00,7.38,1066.40,7.31,0.53
2025-04-29T14:39:36,1,3.97,34500.00,21.67,16562.00,999.00,7.39,1061.80,7.31,0.48
2025-04-29T14:39:36,1,3.96,34500.00,21.67,16562.00,999.00,7.39,1060.70,7.31,0.47
2025-04-29T14:39:37,1,3.97,34500.00,21.67,16562.00,999.00,7.40,1062.60,7.31,0.49
2025-04-29T14:39:37,1,3.95,34500.00,21.67,16562.00,999.00,7.39,1065.00,7.31,0.52
2025-04-29T14:39:37,1,3.98,34500.00,21.67,16562.00,999.00,7.39,1069.40,7.31,0.56
2025-04-29T14:39:37,1,3.98,34500.00,21.67,16562.00,999.00,7.39,1075.90,7.31,0.62
2025-04-29T14:39:37,1,3.97,34500.00,21.67,16562.00,999.00,7.39,1082.90,7.31,0.69
2025-04-29T14:39:38,1,3.97,34500.00,21.67,16562.00,999.00,7.39,1090.30,7.31,0.77
2025-04-29T14:39:38,1,3.97,34500.00,21.67,16562.00,999.00,7.38,1096.30,7.31,0.83
2025-04-29T14:39:38,1,3.97,34580.00,21.72,16598.00,999.00,7.37,1097.00,7.31,0.83
2025-04-29T14:39:38,1,3.98,34580.00,21.72,16598.00,999.00,7.38,1096.80,7.31,0.83
2025-04-29T14:39:38,1,3.96,34580.00,21.72,16598.00,999.00,7.37,1097.70,7.31,0.84
2025-04-29T14:39:39,1,3.94,34580.00,21.72,16598.00,999.00,7.37,1097.60,7.31,0.84
2025-04-29T14:39:39,1,3.97,34580.00,21.72,16598.00,999.00,7.36,1102.90,7.31,0.89
2025-04-29T14:39:39,1,3.99,34700.00,21.81,16660.00,999.00,7.36,1108.80,7.31,0.95
2025-04-29T14:39:39,1,3.96,34700.00,21.81,16660.00,999.00,7.35,1114.30,7.31,1.00
2025-04-29T14:39:39,1,3.96,34700.00,21.81,16660.00,999.00,7.35,1123.80,7.31,1.10
2025-04-29T14:39:40,1,3.97,34700.00,21.81,16660.00,999.00,7.34,1131.60,7.31,1.18
2025-04-29T14:39:40,1,3.95,34700.00,21.81,16660.00,999.00,7.33,1132.40,7.31,1.18
2025-04-29T14:39:40,1,3.99,34820.00,21.89,16717.00,999.00,7.33,1131.30,7.31,1.17
2025-04-29T14:39:40,1,3.98,34820.00,21.89,16717.00,999.00,7.32,1131.10,7.31,1.17
2025-04-29T14:39:40,1,3.98,34820.00,21.89,16717.00,999.00,7.33,1127.60,7.31,1.14
2025-04-29T14:39:41,1,3.97,34820.00,21.89,16717.00,999.00,7.31,1123.80,7.30,1.10
2025-04-29T14:39:41,1,3.95,34820.00,21.89,16716.00,999.00,7.32,1112.80,7.30,0.99
2025-04-29T14:39:41,1,3.97,34820.00,21.89,16716.00,999.00,7.31,1102.80,7.30,0.89
2025-04-29T14:39:41,1,3.98,34820.00,21.89,16716.00,999.00,7.31,1097.40,7.30,0.84
2025-04-29T14:39:41,1,3.97,34820.00,21.89,16716.00,999.00,7.31,1092.30,7.30,0.79
2025-04-29T14:39:42,1,3.98,34820.00,21.89,16716.00,999.00,7.31,1086.80,7.30,0.73
2025-04-29T14:39:42,1,3.97,34730.00,21.83,16671.00,999.00,7.32,1076.50,7.29,0.63
2025-04-29T14:39:42,1,3.97,34730.00,21.83,16671.00,999.00,7.31,1064.00,7.29,0.51
2025-04-29T14:39:42,1,3.98,34730.00,21.83,16671.00,999.00,7.33,1055.50,7.29,0.42
2025-04-29T14:39:42,1,3.97,34730.00,21.83,16671.00,999.00,7.33,1051.20,7.29,0.38
2025-04-29T14:39:43,1,3.97,34730.00,21.83,16671.00,999.00,7.32,1044.80,7.29,0.32
2025-04-29T14:39:43,1,3.96,34560.00,21.71,16591.00,999.00,7.34,1041.30,7.29,0.28
2025-04-29T14:39:43,1,3.96,34560.00,21.71,16591.00,999.00,7.33,1038.40,7.28,0.25
2025-04-29T14:39:43,1,3.98,34560.00,21.71,16591.00,999.00,7.35,1037.70,7.29,0.24
2025-04-29T14:39:43,1,3.95,34560.00,21.71,16591.00,999.00,7.35,1037.80,7.28,0.25
2025-04-29T14:39:44,1,3.95,34560.00,21.71,16591.00,999.00,7.35,1034.70,7.28,0.22
2025-04-29T14:39:44,1,3.98,34520.00,21.68,16571.00,999.00,7.35,1034.30,7.28,0.21
2025-04-29T14:39:44,1,3.99,34520.00,21.68,16571.00,999.00,7.36,1034.50,7.28,0.21
2025-04-29T14:39:44,1,3.98,34520.00,21.68,16571.00,999.00,7.36,1034.50,7.28,0.21
2025-04-29T14:39:44,1,3.97,34520.00,21.68,16571.00,999.00,7.36,1032.80,7.28,0.20
2025-04-29T14:39:45,1,3.97,34520.00,21.68,16571.00,999.00,7.38,1033.40,7.28,0.20
2025-04-29T14:39:45,1,3.97,34500.00,21.67,16565.00,999.00,7.36,1032.90,7.28,0.20
2025-04-29T14:39:45,1,3.99,34500.00,21.67,16565.00,999.00,7.37,1033.10,7.28,0.20
2025-04-29T14:39:45,1,3.97,34500.00,21.67,16565.00,999.00,7.39,1038.10,7.28,0.25
2025-04-29T14:39:45,1,3.97,34500.00,21.67,16565.00,999.00,7.38,1040.50,7.28,0.27
2025-04-29T14:39:46,1,3.96,34500.00,21.67,16565.00,999.00,7.38,1039.70,7.28,0.26
2025-04-29T14:39:46,1,3.99,34420.00,21.62,16526.00,999.00,7.38,1040.00,7.28,0.27
2025-04-29T14:39:46,1,3.97,34420.00,21.62,16526.00,999.00,7.37,1039.20,7.28,0.26
2025-04-29T14:39:46,1,3.96,34420.00,21.62,16526.00,999.00,7.38,1037.10,7.28,0.24
2025-04-29T14:39:46,1,3.97,34420.00,21.62,16526.00,999.00,7.38,1036.50,7.28,0.23
2025-04-29T14:39:47,1,3.97,34420.00,21.62,16526.00,999.00,7.39,1036.60,7.28,0.23
2025-04-29T14:39:47,1,3.97,34370.00,21.58,16498.00,999.00,7.39,1037.50,7.28,0.24
2025-04-29T14:39:47,1,3.98,34370.00,21.58,16498.00,999.00,7.39,1040.90,7.28,0.28
2025-04-29T14:39:47,1,3.99,34370.00,21.58,16498.00,999.00,7.39,1044.30,7.28,0.31
2025-04-29T14:39:47,1,3.96,34370.00,21.58,16498.00,999.00,7.39,1044.40,7.28,0.31
2025-04-29T14:39:48,1,3.97,34370.00,21.58,16498.00,999.00,7.39,1043.20,7.28,0.30
2025-04-29T14:39:48,1,3.98,34410.00,21.60,16517.00,999.00,7.39,1043.70,7.28,0.30
2025-04-29T14:39:48,1,3.97,34410.00,21.60,16517.00,999.00,7.39,1044.40,7.28,0.31
2025-04-29T14:39:48,1,3.98,34410.00,21.60,16517.00,999.00,7.40,1047.40,7.28,0.34
2025-04-29T14:39:48,1,3.95,34410.00,21.60,16517.00,999.00,7.38,1051.90,7.28,0.39
2025-04-29T14:39:49,1,3.97,34410.00,21.60,16517.00,999.00,7.39,1056.10,7.28,0.43
2025-04-29T14:39:49,1,3.95,34480.00,21.66,16553.00,999.00,7.40,1057.70,7.28,0.44
2025-04-29T14:39:49,1,3.96,34480.00,21.66,16553.00,999.00,7.40,1057.20,7.28,0.44
2025-04-29T14:39:49,1,3.98,34480.00,21.66,16553.00,999.00,7.39,1057.80,7.28,0.44
2025-04-29T14:39:49,1,3.97,34480.00,21.66,16553.00,999.00,7.38,1057.00,7.28,0.44
2025-04-29T14:39:50,1,3.97,34480.00,21.66,16553.00,999.00,7.39,1058.00,7.29,0.45
2025-04-29T14:39:50,1,3.96,34480.00,21.65,16553.00,999.00,7.38,1059.50,7.29,0.46
2025-04-29T14:39:50,1,3.98,34480.00,21.65,16553.00,999.00,7.38,1061.80,7.29,0.48
2025-04-29T14:39:50,1,3.97,34480.00,21.65,16553.00,999.00,7.38,1065.30,7.29,0.52
2025-04-29T14:39:50,1,3.97,34480.00,21.65,16553.00,999.00,7.38,1068.20,7.29,0.55
2025-04-29T14:39:51,1,3.97,34480.00,21.65,16553.00,999.00,7.39,1070.90,7.28,0.57
2025-04-29T14:39:51,1,3.97,34640.00,21.76,16628.00,999.00,7.38,1073.40,7.29,0.60
2025-04-29T14:39:51,1,3.98,34640.00,21.76,16628.00,999.00,7.38,1075.40,7.29,0.62
2025-04-29T14:39:51,1,3.95,34640.00,21.76,16628.00,999.00,7.35,1076.50,7.29,0.63
2025-04-29T14:39:51,1,3.96,34640.00,21.76,16628.00,999.00,7.37,1077.10,7.29,0.64
2025-04-29T14:39:52,1,3.95,34640.00,21.76,16628.00,999.00,7.36,1079.10,7.29,0.66
2025-04-29T14:39:52,1,3.98,34700.00,21.81,16660.00,999.00,7.35,1081.70,7.29,0.68
2025-04-29T14:39:52,1,3.96,34700.00,21.81,16660.00,999.00,7.36,1084.80,7.29,0.71
2025-04-29T14:39:52,1,3.97,34700.00,21.81,16660.00,999.00,7.34,1087.50,7.29,0.74
2025-04-29T14:39:52,1,3.97,34700.00,21.81,16660.00,999.00,7.34,1089.00,7.29,0.75
2025-04-29T14:39:53,1,3.97,34700.00,21.81,16660.00,999.00,7.33,1089.70,7.29,0.76
2025-04-29T14:39:53,1,3.99,34790.00,21.87,16704.00,999.00,7.34,1091.00,7.29,0.77
2025-04-29T14:39:53,1,3.98,34790.00,21.87,16704.00,999.00,7.33,1092.60,7.29,0.79
2025-04-29T14:39:53,1,3.98,34790.00,21.87,16704.00,999.00,7.35,1094.10,7.29,0.80
2025-04-29T14:39:53,1,3.97,34790.00,21.87,16704.00,999.00,7.32,1095.80,7.29,0.82
2025-04-29T14:39:54,1,3.97,34790.00,21.87,16704.00,999.00,7.33,1097.70,7.29,0.84
2025-04-29T14:39:54,1,3.95,34750.00,21.84,16681.00,999.00,7.32,1099.90,7.29,0.86
2025-04-29T14:39:54,1,3.97,34750.00,21.84,16681.00,999.00,7.32,1102.00,7.29,0.88
2025-04-29T14:39:54,1,3.95,34750.00,21.84,16681.00,999.00,7.33,1104.60,7.28,0.91
2025-04-29T14:39:54,1,3.97,34750.00,21.84,16681.00,999.00,7.32,1106.80,7.28,0.93
2025-04-29T14:39:55,1,3.97,34750.00,21.84,16681.00,999.00,7.32,1109.50,7.28,0.96
2025-04-29T14:39:55,1,3.95,34700.00,21.81,16660.00,999.00,7.32,1111.90,7.29,0.98
2025-04-29T14:39:55,1,3.97,34700.00,21.81,16660.00,999.00,7.32,1113.00,7.29,0.99
2025-04-29T14:39:55,1,3.96,34700.00,21.81,16660.00,999.00,7.33,1113.30,7.28,0.99
2025-04-29T14:39:55,1,3.97,34700.00,21.81,16660.00,999.00,7.33,1114.00,7.28,1.00
2025-04-29T14:39:56,1,3.95,34700.00,21.81,16660.00,999.00,7.33,1114.50,7.28,1.01
2025-04-29T14:39:56,1,3.99,34740.00,21.84,16680.00,999.00,7.32,1115.60,7.29,1.02
2025-04-29T14:39:56,1,3.97,34740.00,21.84,16680.00,999.00,7.33,1116.70,7.28,1.03
2025-04-29T14:39:56,1,3.99,34740.00,21.84,16680.00,999.00,7.35,1118.10,7.29,1.04
2025-04-29T14:39:56,1,3.97,34740.00,21.84,16680.00,999.00,7.33,1119.70,7.28,1.06
2025-04-29T14:39:57,1,3.97,34740.00,21.84,16680.00,999.00,7.34,1121.10,7.28,1.07
2025-04-29T14:39:57,1,3.95,34820.00,21.89,16718.00,999.00,7.32,1123.50,7.28,1.10
2025-04-29T14:39:57,1,3.98,34820.00,21.89,16718.00,999.00,7.31,1125.20,7.28,1.11
2025-04-29T14:39:57,1,3.97,34820.00,21.89,16718.00,999.00,7.32,1127.00,7.28,1.13
2025-04-29T14:39:57,1,3.95,34820.00,21.89,16718.00,999.00,7.31,1129.00,7.28,1.15
2025-04-29T14:39:58,1,3.96,34840.00,21.90,16723.00,999.00,7.31,1131.20,7.28,1.17
2025-04-29T14:39:58,1,3.99,34840.00,21.90,16723.00,999.00,7.31,1133.80,7.28,1.20
2025-04-29T14:39:58,1,3.95,34840.00,21.90,16723.00,999.00,7.31,1136.30,7.28,1.22
2025-04-29T14:39:58,1,3.95,34840.00,21.90,16723.00,999.00,7.31,1138.10,7.28,1.24
2025-04-29T14:39:58,1,3.97,34840.00,21.90,16723.00,999.00,7.31,1140.90,7.28,1.27
2025-04-29T14:39:59,1,3.97,34820.00,21.89,16717.00,999.00,7.31,1141.10,7.28,1.27
2025-04-29T14:39:59,1,3.96,34820.00,21.89,16717.00,999.00,7.31,1141.70,7.28,1.28
2025-04-29T14:39:59,1,3.97,34820.00,21.89,16717.00,999.00,7.31,1142.60,7.28,1.28
2025-04-29T14:39:59,1,3.97,34820.00,21.89,16717.00,999.00,7.31,1144.00,7.28,1.30
2025-04-29T14:39:59,1,3.98,34820.00,21.89,16717.00,999.00,7.31,1145.10,7.28,1.31
2025-04-29T14:40:00,1,3.98,34810.00,21.89,16712.00,999.00,7.30,1145.70,7.28,1.32
2025-04-29T14:40:00,1,3.98,34810.00,21.89,16712.00,999.00,7.30,1147.10,7.28,1.33
2025-04-29T14:40:00,1,3.98,34810.00,21.89,16712.00,999.00,7.31,1148.40,7.28,1.34
2025-04-29T14:40:00,1,3.97,34810.00,21.89,16712.00,999.00,7.30,1150.80,7.28,1.37
2025-04-29T14:40:00,1,3.97,34810.00,21.89,16712.00,999.00,7.29,1152.40,7.27,1.38
2025-04-29T14:40:01,1,3.95,34820.00,21.89,16716.00,999.00,7.30,1154.50,7.27,1.40
2025-04-29T14:40:01,1,3.99,34820.00,21.89,16716.00,999.00,7.30,1156.90,7.27,1.43
2025-04-29T14:40:01,1,3.96,34820.00,21.89,16716.00,999.00,7.30,1157.60,7.27,1.43
2025-04-29T14:40:01,1,3.97,34820.00,21.89,16716.00,999.00,7.30,1159.60,7.27,1.45
2025-04-29T14:40:01,1,3.96,34820.00,21.89,16716.00,999.00,7.31,1160.60,7.27,1.46
2025-04-29T14:40:02,1,3.99,34770.00,21.86,16692.00,999.00,7.31,1162.80,7.27,1.48
2025-04-29T14:40:02,1,3.97,34770.00,21.86,16692.00,999.00,7.31,1166.00,7.27,1.52
2025-04-29T14:40:02,1,3.97,34770.00,21.86,16692.00,999.00,7.31,1167.10,7.27,1.53
2025-04-29T14:40:02,1,3.96,34770.00,21.86,16692.00,999.00,7.31,1170.30,7.27,1.56
2025-04-29T14:40:02,1,3.97,34770.00,21.86,16692.00,999.00,7.31,1173.60,7.27,1.59
2025-04-29T14:40:03,1,3.97,34770.00,21.85,16691.00,999.00,7.31,1175.30,7.27,1.61
2025-04-29T14:40:03,1,3.98,34770.00,21.85,16691.00,999.00,7.31,1177.20,7.27,1.63
2025-04-29T14:40:03,1,3.98,34770.00,21.85,16691.00,999.00,7.30,1178.10,7.27,1.64
2025-04-29T14:40:03,1,3.95,34770.00,21.85,16691.00,999.00,7.31,1179.30,7.27,1.65
2025-04-29T14:40:03,1,3.95,34770.00,21.85,16691.00,999.00,7.31,1181.00,7.27,1.66
2025-04-29T14:40:04,1,3.98,34760.00,21.85,16689.00,999.00,7.31,1183.40,7.26,1.69
2025-04-29T14:40:04,1,3.98,34760.00,21.85,16689.00,999.00,7.31,1185.70,7.27,1.71
2025-04-29T14:40:04,1,3.96,34760.00,21.85,16689.00,999.00,7.32,1188.00,7.26,1.73
2025-04-29T14:40:04,1,3.98,34760.00,21.85,16689.00,999.00,7.32,1190.40,7.26,1.76
2025-04-29T14:40:04,1,3.95,34760.00,21.85,16689.00,999.00,7.31,1193.30,7.26,1.79
2025-04-29T14:40:05,1,3.98,34790.00,21.87,16703.00,999.00,7.31,1196.20,7.26,1.82
2025-04-29T14:40:05,1,3.95,34790.00,21.87,16703.00,999.00,7.31,1198.30,7.26,1.84
2025-04-29T14:40:05,1,3.98,34790.00,21.87,16703.00,999.00,7.31,1200.00,7.26,1.85
2025-04-29T14:40:05,1,3.97,34790.00,21.87,16703.00,999.00,7.31,1201.30,7.26,1.87
2025-04-29T14:40:05,1,3.95,34790.00,21.87,16703.00,999.00,7.31,1201.90,7.26,1.87
2025-04-29T14:40:06,1,3.98,34780.00,21.87,16699.00,999.00,7.31,1203.50,7.26,1.89
2025-04-29T14:40:06,1,3.96,34780.00,21.87,16699.00,999.00,7.31,1204.60,7.26,1.90
2025-04-29T14:40:06,1,3.98,34780.00,21.87,16699.00,999.00,7.32,1205.70,7.26,1.91
2025-04-29T14:40:06,1,3.97,34780.00,21.87,16699.00,999.00,7.31,1206.10,7.26,1.91
2025-04-29T14:40:06,1,3.96,34780.00,21.87,16699.00,999.00,7.31,1207.60,7.26,1.93
2025-04-29T14:40:07,1,3.98,34740.00,21.84,16679.00,999.00,7.32,1211.10,7.26,1.96
2025-04-29T14:40:07,1,3.99,34740.00,21.84,16679.00,999.00,7.31,1214.80,7.26,2.00
2025-04-29T14:40:07,1,3.96,34740.00,21.84,16679.00,999.00,7.31,1217.40,7.26,2.03
2025-04-29T14:40:07,1,3.97,34740.00,21.84,16679.00,999.00,7.31,1219.30,7.26,2.04
2025-04-29T14:40:07,1,3.95,34740.00,21.84,16679.00,999.00,7.31,1222.00,7.26,2.07
2025-04-29T14:40:08,1,3.94,34800.00,21.87,16704.00,999.00,7.31,1223.90,7.26,2.09
2025-04-29T14:40:08,1,3.97,34800.00,21.87,16704.00,999.00,7.32,1224.40,7.26,2.09
2025-04-29T14:40:08,1,3.98,34800.00,21.87,16704.00,999.00,7.32,1224.60,7.26,2.10
2025-04-29T14:40:08,1,3.97,34800.00,21.87,16704.00,999.00,7.31,1225.10,7.26,2.10
2025-04-29T14:40:08,1,3.97,34800.00,21.87,16704.00,999.00,7.32,1225.60,7.26,2.11
2025-04-29T14:40:09,1,3.99,34820.00,21.89,16718.00,999.00,7.32,1227.70,7.26,2.13
2025-04-29T14:40:09,1,3.95,34820.00,21.89,16718.00,999.00,7.32,1231.10,7.26,2.16
2025-04-29T14:40:09,1,3.99,34820.00,21.89,16718.00,999.00,7.32,1232.50,7.26,2.18
2025-04-29T14:40:09,1,3.95,34820.00,21.89,16718.00,999.00,7.33,1236.10,7.26,2.21
2025-04-29T14:40:09,1,3.96,34820.00,21.89,16718.00,999.00,7.32,1239.50,7.26,2.24
2025-04-29T14:40:10,1,3.98,34870.00,21.93,16740.00,999.00,7.31,1241.30,7.26,2.26
2025-04-29T14:40:10,1,3.97,34870.00,21.93,16740.00,999.00,7.32,1244.40,7.26,2.29
2025-04-29T14:40:10,1,3.98,34870.00,21.93,16740.00,999.00,7.32,1246.40,7.26,2.31
2025-04-29T14:40:10,1,3.97,34870.00,21.93,16740.00,999.00,7.33,1245.80,7.26,2.31
2025-04-29T14:40:10,1,3.97,34870.00,21.93,16740.00,999.00,7.33,1246.30,7.26,2.31
2025-04-29T14:40:11,1,3.99,34800.00,21.88,16708.00,999.00,7.33,1249.50,7.26,2.34
2025-04-29T14:40:11,1,3.97,34800.00,21.88,16708.00,999.00,7.33,1253.10,7.26,2.38
2025-04-29T14:40:11,1,3.95,34800.00,21.88,16708.00,999.00,7.35,1254.30,7.26,2.39
2025-04-29T14:40:11,1,3.96,34800.00,21.88,16708.00,999.00,7.34,1258.90,7.26,2.44
2025-04-29T14:40:11,1,3.95,34800.00,21.88,16708.00,999.00,7.34,1262.30,7.26,2.47
2025-04-29T14:40:12,1,3.99,34790.00,21.87,16703.00,999.00,7.34,1264.70,7.26,2.49
2025-04-29T14:40:12,1,3.97,34790.00,21.87,16703.00,999.00,7.35,1267.40,7.26,2.52
2025-04-29T14:40:12,1,3.97,34790.00,21.87,16703.00,999.00,7.35,1270.20,7.26,2.55
2025-04-29T14:40:12,1,3.97,34790.00,21.87,16703.00,999.00,7.34,1273.20,7.26,2.58
2025-04-29T14:40:12,1,3.97,34790.00,21.87,16703.00,999.00,7.34,1275.40,7.26,2.60
2025-04-29T14:40:13,1,3.96,34840.00,21.91,16727.00,999.00,7.34,1277.90,7.26,2.63
2025-04-29T14:40:13,1,3.98,34840.00,21.91,16727.00,999.00,7.34,1280.50,7.26,2.65
2025-04-29T14:40:13,1,3.98,34840.00,21.91,16727.00,999.00,7.33,1282.40,7.26,2.67
2025-04-29T14:40:13,1,3.96,34840.00,21.91,16727.00,999.00,7.33,1284.50,7.26,2.69
2025-04-29T14:40:13,1,3.99,34840.00,21.91,16727.00,999.00,7.32,1285.70,7.27,2.70
2025-04-29T14:40:14,1,3.98,34860.00,21.92,16735.00,999.00,7.31,1287.70,7.27,2.72
2025-04-29T14:40:14,1,3.97,34860.00,21.92,16735.00,999.00,7.33,1288.30,7.26,2.73
2025-04-29T14:40:14,1,3.97,34860.00,21.92,16735.00,999.00,7.32,1289.80,7.27,2.74
2025-04-29T14:40:14,1,3.97,34860.00,21.92,16735.00,999.00,7.31,1292.20,7.27,2.77
2025-04-29T14:40:14,1,3.95,34860.00,21.92,16736.00,999.00,7.31,1296.00,7.27,2.80
2025-04-29T14:40:15,1,3.96,34860.00,21.92,16736.00,999.00,7.31,1298.00,7.26,2.82
2025-04-29T14:40:15,1,3.98,34860.00,21.92,16736.00,999.00,7.31,1301.00,7.26,2.85
2025-04-29T14:40:15,1,3.97,34860.00,21.92,16736.00,999.00,7.31,1306.00,7.26,2.90
2025-04-29T14:40:15,1,3.97,34860.00,21.92,16736.00,999.00,7.31,1308.20,7.27,2.93
2025-04-29T14:40:15,1,3.94,34870.00,21.93,16739.00,999.00,7.31,1310.90,7.27,2.95
2025-04-29T14:40:16,1,3.98,34870.00,21.93,16739.00,999.00,7.30,1313.50,7.27,2.98
2025-04-29T14:40:16,1,3.98,34870.00,21.93,16739.00,999.00,7.30,1317.30,7.26,3.02
2025-04-29T14:40:16,1,3.95,34870.00,21.93,16739.00,999.00,7.29,1319.00,7.26,3.03
2025-04-29T14:40:16,1,3.97,34870.00,21.93,16739.00,999.00,7.29,1321.10,7.26,3.05
2025-04-29T14:40:16,1,3.98,34900.00,21.95,16756.00,999.00,7.27,1323.90,7.27,3.08
2025-04-29T14:40:17,1,3.97,34900.00,21.95,16756.00,999.00,7.27,1327.80,7.26,3.12
2025-04-29T14:40:17,1,3.95,34900.00,21.95,16756.00,999.00,7.26,1329.70,7.26,3.14
2025-04-29T14:40:17,1,3.95,34900.00,21.95,16756.00,999.00,7.26,1332.30,7.27,3.16
2025-04-29T14:40:17,1,3.99,34900.00,21.95,16756.00,999.00,7.27,1336.40,7.26,3.20
2025-04-29T14:40:17,1,3.95,34900.00,21.95,16755.00,999.00,7.26,1339.40,7.26,3.23
2025-04-29T14:40:18,1,3.97,34900.00,21.95,16755.00,999.00,7.26,1342.70,7.26,3.27
2025-04-29T14:40:18,1,3.98,34900.00,21.95,16755.00,999.00,7.26,1347.10,7.26,3.31
2025-04-29T14:40:18,1,3.95,34900.00,21.95,16755.00,999.00,7.25,1349.10,7.26,3.33
2025-04-29T14:40:18,1,3.97,34900.00,21.95,16755.00,999.00,7.25,1348.80,7.26,3.33
2025-04-29T14:40:18,1,3.97,34880.00,21.93,16743.00,999.00,7.26,1351.60,7.26,3.36
2025-04-29T14:40:19,1,3.97,34880.00,21.93,16743.00,999.00,7.26,1354.10,7.26,3.38
2025-04-29T14:40:19,1,3.97,34880.00,21.93,16743.00,999.00,7.25,1357.20,7.26,3.41
2025-04-29T14:40:19,1,3.97,34880.00,21.93,16743.00,999.00,7.25,1359.90,7.26,3.44
2025-04-29T14:40:19,1,3.97,34880.00,21.93,16743.00,999.00,7.25,1361.00,7.26,3.45
2025-04-29T14:40:19,1,3.97,34890.00,21.94,16752.00,999.00,7.25,1362.40,7.26,3.46
2025-04-29T14:40:20,1,3.96,34890.00,21.94,16752.00,999.00,7.25,1362.80,7.26,3.47
2025-04-29T14:40:20,1,3.98,34890.00,21.94,16752.00,999.00,7.24,1363.40,7.25,3.47
2025-04-29T14:40:20,1,3.96,34890.00,21.94,16752.00,999.00,7.26,1366.20,7.25,3.50
2025-04-29T14:40:20,1,3.95,34890.00,21.94,16752.00,999.00,7.24,1369.20,7.25,3.53
2025-04-29T14:40:20,1,3.97,34910.00,21.95,16759.00,999.00,7.25,1372.60,7.26,3.56
2025-04-29T14:40:21,1,3.98,34910.00,21.95,16759.00,999.00,7.25,1374.20,7.25,3.58
2025-04-29T14:40:21,1,3.98,34910.00,21.95,16759.00,999.00,7.24,1374.50,7.25,3.58
2025-04-29T14:40:21,1,3.99,34910.00,21.95,16759.00,999.00,7.24,1375.60,7.25,3.59
2025-04-29T14:40:21,1,3.95,34910.00,21.95,16759.00,999.00,7.24,1377.30,7.25,3.61
2025-04-29T14:40:21,1,3.98,34910.00,21.95,16760.00,999.00,7.24,1378.30,7.25,3.62
2025-04-29T14:40:22,1,3.95,34910.00,21.95,16760.00,999.00,7.24,1378.30,7.25,3.62
2025-04-29T14:40:22,1,3.97,34910.00,21.95,16760.00,999.00,7.23,1377.60,7.25,3.61
2025-04-29T14:40:22,1,3.97,34910.00,21.95,16760.00,999.00,7.23,1379.10,7.25,3.63
2025-04-29T14:40:22,1,3.95,34910.00,21.95,16760.00,999.00,7.23,1381.00,7.25,3.65
2025-04-29T14:40:22,1,3.99,34930.00,21.97,16768.00,999.00,7.23,1383.10,7.25,3.67
2025-04-29T14:40:23,1,3.97,34930.00,21.97,16768.00,999.00,7.23,1387.10,7.24,3.71
2025-04-29T14:40:23,1,3.97,34930.00,21.97,16768.00,999.00,7.23,1389.10,7.24,3.73
2025-04-29T14:40:23,1,3.97,34930.00,21.97,16768.00,999.00,7.23,1390.80,7.24,3.74
2025-04-29T14:40:23,1,3.97,34930.00,21.97,16768.00,999.00,7.23,1391.60,7.24,3.75
2025-04-29T14:40:23,1,3.98,34950.00,21.98,16777.00,999.00,7.23,1391.90,7.24,3.75
2025-04-29T14:40:24,1,3.97,34950.00,21.98,16777.00,999.00,7.20,1392.10,7.19,3.76
2025-04-29T14:40:24,1,3.96,34950.00,21.98,16777.00,999.00,7.23,1393.10,7.20,3.77
2025-04-29T14:40:24,1,3.95,34930.00,21.97,16768.00,999.00,7.23,1395.70,7.23,3.79
2025-04-29T14:40:25,1,3.99,34930.00,21.97,16768.00,999.00,7.22,1400.30,7.23,3.84
2025-04-29T14:40:25,1,3.98,34930.00,21.97,16768.00,999.00,7.22,1403.70,7.23,3.87
2025-04-29T14:40:25,1,3.96,34930.00,21.97,16768.00,999.00,7.22,1405.70,7.23,3.89
2025-04-29T14:40:25,1,3.95,34930.00,21.97,16768.00,999.00,7.21,1414.80,7.23,3.98
2025-04-29T14:40:25,1,3.96,34940.00,21.98,16775.00,999.00,7.21,1419.60,7.23,4.03
2025-04-29T14:40:26,1,3.97,34940.00,21.98,16775.00,999.00,7.20,1416.60,7.23,4.00
2025-04-29T14:40:26,1,3.99,34940.00,21.98,16775.00,999.00,7.21,1421.80,7.23,4.05
2025-04-29T14:40:26,1,3.95,34940.00,21.98,16775.00,999.00,7.21,1428.00,7.23,4.11
2025-04-29T14:40:26,1,3.97,34940.00,21.98,16775.00,999.00,7.19,1429.60,7.23,4.13
2025-04-29T14:40:26,1,3.96,34950.00,21.98,16776.00,999.00,7.19,1432.00,7.23,4.15
2025-04-29T14:40:27,1,3.97,34950.00,21.98,16776.00,999.00,7.19,1435.70,7.23,4.19
2025-04-29T14:40:27,1,3.96,34950.00,21.98,16776.00,999.00,7.19,1438.90,7.23,4.22
2025-04-29T14:40:27,1,3.97,34950.00,21.98,16776.00,999.00,7.19,1443.50,7.22,4.27
2025-04-29T14:40:27,1,3.97,34950.00,21.98,16776.00,999.00,7.19,1445.50,7.22,4.29
2025-04-29T14:40:27,1,3.99,34960.00,21.99,16783.00,999.00,7.19,1448.10,7.22,4.31
2025-04-29T14:40:28,1,3.97,34960.00,21.99,16783.00,999.00,7.18,1453.50,7.22,4.37
2025-04-29T14:40:28,1,3.96,34960.00,21.99,16783.00,999.00,7.18,1458.80,7.22,4.42
2025-04-29T14:40:28,1,3.97,34960.00,21.99,16783.00,999.00,7.18,1463.20,7.22,4.46
2025-04-29T14:40:28,1,3.94,34960.00,21.99,16783.00,999.00,7.16,1465.90,7.22,4.49
2025-04-29T14:40:28,1,3.97,34990.00,22.01,16797.00,999.00,7.16,1468.80,7.22,4.52
2025-04-29T14:40:29,1,3.97,34990.00,22.01,16797.00,999.00,7.14,1472.40,7.22,4.55
2025-04-29T14:40:29,1,3.99,34990.00,22.01,16797.00,999.00,7.15,1476.20,7.22,4.59
2025-04-29T14:40:29,1,3.97,34990.00,22.01,16797.00,999.00,7.14,1480.10,7.21,4.63
2025-04-29T14:40:29,1,3.97,34990.00,22.01,16797.00,999.00,7.16,1482.70,7.20,4.65
2025-04-29T14:40:29,1,3.99,34980.00,22.00,16794.00,999.00,7.15,1484.60,7.20,4.67
2025-04-29T14:40:30,1,3.97,34980.00,22.00,16794.00,999.00,7.14,1488.70,7.20,4.71
2025-04-29T14:40:30,1,3.99,34980.00,22.00,16794.00,999.00,7.14,1490.40,7.20,4.73
2025-04-29T14:40:30,1,3.97,34980.00,22.00,16794.00,999.00,7.14,1491.70,7.20,4.74
2025-04-29T14:40:30,1,3.97,34980.00,22.00,16794.00,999.00,7.14,1492.10,7.19,4.75
2025-04-29T14:40:30,1,3.95,34990.00,22.01,16797.00,999.00,7.14,1495.80,7.19,4.78
2025-04-29T14:40:31,1,3.97,34990.00,22.01,16797.00,999.00,7.14,1502.00,7.20,4.85
2025-04-29T14:40:31,1,3.99,34990.00,22.01,16797.00,999.00,7.13,1507.70,7.19,4.90
2025-04-29T14:40:31,1,3.95,34990.00,22.01,16797.00,999.00,7.14,1506.70,7.19,4.89
2025-04-29T14:40:31,1,3.97,34990.00,22.01,16797.00,999.00,7.13,1507.90,7.19,4.90
2025-04-29T14:40:31,1,3.97,35000.00,22.02,16801.00,999.00,7.13,1514.80,7.19,4.97
2025-04-29T14:40:32,1,3.96,35000.00,22.02,16801.00,999.00,7.14,1521.10,7.18,5.04
2025-04-29T14:40:32,1,3.95,35000.00,22.02,16801.00,999.00,7.13,1519.90,7.18,5.02
2025-04-29T14:40:32,1,3.98,35000.00,22.02,16801.00,999.00,7.13,1524.30,7.18,5.07
2025-04-29T14:40:32,1,3.95,35000.00,22.02,16801.00,999.00,7.13,1531.40,7.18,5.14
2025-04-29T14:40:32,1,3.97,34990.00,22.01,16797.00,999.00,7.12,1534.20,7.18,5.16
2025-04-29T14:40:33,1,3.97,34990.00,22.01,16797.00,999.00,7.14,1537.10,7.18,5.19
2025-04-29T14:40:33,1,3.96,34990.00,22.01,16797.00,999.00,7.11,1536.40,7.18,5.19
2025-04-29T14:40:33,1,3.97,34990.00,22.01,16797.00,999.00,7.12,1536.20,7.17,5.18
2025-04-29T14:40:33,1,3.98,34990.00,22.01,16797.00,999.00,7.11,1537.20,7.17,5.19
2025-04-29T14:40:33,1,3.97,35010.00,22.02,16805.00,999.00,7.12,1535.70,7.18,5.18
2025-04-29T14:40:34,1,3.99,35010.00,22.02,16805.00,999.00,7.10,1537.40,7.17,5.20
2025-04-29T14:40:34,1,3.98,35010.00,22.02,16805.00,999.00,7.11,1540.60,7.17,5.23
2025-04-29T14:40:34,1,3.97,35010.00,22.02,16805.00,999.00,7.12,1545.80,7.17,5.28
2025-04-29T14:40:34,1,3.97,35010.00,22.02,16805.00,999.00,7.10,1549.00,7.17,5.31
2025-04-29T14:40:34,1,3.97,35010.00,22.02,16807.00,999.00,7.09,1552.60,7.17,5.35
2025-04-29T14:40:35,1,3.96,35010.00,22.02,16807.00,999.00,7.09,1558.00,7.16,5.40
2025-04-29T14:40:35,1,3.95,35010.00,22.02,16807.00,999.00,7.09,1563.20,7.16,5.45
2025-04-29T14:40:35,1,3.94,35010.00,22.02,16807.00,999.00,7.09,1568.00,7.16,5.50
2025-04-29T14:40:35,1,3.94,35030.00,22.04,16817.00,999.00,7.09,1571.20,7.16,5.53
2025-04-29T14:40:35,1,3.97,35030.00,22.04,16817.00,999.00,7.07,1575.90,7.16,5.58
2025-04-29T14:40:36,1,3.97,35030.00,22.04,16817.00,999.00,7.08,1579.60,7.16,5.61
2025-04-29T14:40:36,1,3.95,35030.00,22.04,16817.00,999.00,7.08,1584.10,7.16,5.66
2025-04-29T14:40:36,1,3.97,35030.00,22.04,16817.00,999.00,7.07,1590.00,7.16,5.72
2025-04-29T14:40:36,1,3.97,35050.00,22.05,16828.00,999.00,7.07,1592.60,7.15,5.74
2025-04-29T14:40:36,1,3.95,35050.00,22.05,16828.00,999.00,7.07,1598.40,7.15,5.80
2025-04-29T14:40:37,1,3.98,35050.00,22.05,16828.00,999.00,7.06,1603.20,7.15,5.85
2025-04-29T14:40:37,1,3.95,35050.00,22.05,16828.00,999.00,7.05,1603.40,7.15,5.85
2025-04-29T14:40:37,1,3.97,35050.00,22.05,16828.00,999.00,7.03,1607.60,7.14,5.89
2025-04-29T14:40:37,1,3.97,35330.00,22.24,16960.00,999.00,7.01,1613.10,7.14,5.95
2025-04-29T14:40:37,1,3.96,35330.00,22.24,16960.00,999.00,6.98,1616.70,7.15,5.98
2025-04-29T14:40:38,1,3.99,35330.00,22.24,16960.00,999.00,6.96,1622.40,7.14,6.04
2025-04-29T14:40:38,1,3.95,35330.00,22.24,16960.00,999.00,6.93,1632.10,7.14,6.14
2025-04-29T14:40:38,1,3.97,35330.00,22.24,16960.00,999.00,6.88,1637.00,7.14,6.18
2025-04-29T14:40:38,1,3.97,35790.00,22.56,17180.00,999.00,6.81,1641.00,7.14,6.22
2025-04-29T14:40:38,1,3.98,35790.00,22.56,17180.00,999.00,6.75,1647.00,7.14,6.28
2025-04-29T14:40:39,1,3.97,35790.00,22.56,17180.00,999.00,6.71,1652.40,7.13,6.34
2025-04-29T14:40:39,1,3.97,35790.00,22.56,17180.00,999.00,6.63,1657.30,7.12,6.38
2025-04-29T14:40:39,1,3.95,35790.00,22.56,17180.00,999.00,6.62,1661.80,7.12,6.43
2025-04-29T14:40:39,1,3.97,35910.00,22.65,17238.00,999.00,6.56,1665.50,7.12,6.47
2025-04-29T14:40:39,1,3.97,35910.00,22.65,17238.00,999.00,6.53,1670.10,7.11,6.51
2025-04-29T14:40:40,1,3.96,35910.00,22.65,17238.00,999.00,6.52,1675.10,7.10,6.56
2025-04-29T14:40:40,1,3.97,35910.00,22.65,17238.00,999.00,6.49,1679.30,7.10,6.60
2025-04-29T14:40:40,1,3.98,35910.00,22.65,17238.00,999.00,6.46,1683.90,7.09,6.65
2025-04-29T14:40:40,1,3.98,35910.00,22.65,17241.00,999.00,6.44,1689.50,7.07,6.70
2025-04-29T14:40:40,1,3.97,35910.00,22.65,17241.00,999.00,6.42,1695.60,7.06,6.76
2025-04-29T14:40:41,1,3.99,35910.00,22.65,17241.00,999.00,6.39,1698.70,7.05,6.80
2025-04-29T14:40:41,1,3.94,35910.00,22.65,17241.00,999.00,6.39,1702.70,7.04,6.83
2025-04-29T14:40:41,1,3.95,35910.00,22.65,17241.00,999.00,6.36,1706.40,7.04,6.87
2025-04-29T14:40:41,1,3.99,35930.00,22.66,17248.00,999.00,6.36,1707.50,7.03,6.88
2025-04-29T14:40:41,1,3.98,35930.00,22.66,17248.00,999.00,6.35,1710.60,7.02,6.91
2025-04-29T14:40:42,1,3.98,35930.00,22.66,17248.00,999.00,6.34,1716.40,7.01,6.97
2025-04-29T14:40:42,1,3.97,35930.00,22.66,17248.00,999.00,6.32,1720.30,7.00,7.01
2025-04-29T14:40:42,1,3.95,35930.00,22.66,17248.00,999.00,6.32,1726.30,6.99,7.07
2025-04-29T14:40:42,1,3.97,35910.00,22.65,17238.00,999.00,6.31,1733.40,6.98,7.14
2025-04-29T14:40:42,1,3.97,35910.00,22.65,17238.00,999.00,6.31,1735.80,6.97,7.16
2025-04-29T14:40:43,1,3.95,35910.00,22.65,17238.00,999.00,6.29,1740.00,6.95,7.20
2025-04-29T14:40:43,1,3.96,35910.00,22.65,17238.00,999.00,6.29,1745.20,6.94,7.26
2025-04-29T14:40:43,1,3.96,35910.00,22.65,17238.00,999.00,6.28,1749.60,6.93,7.30
2025-04-29T14:40:43,1,3.97,35920.00,22.66,17246.00,999.00,6.28,1755.10,6.92,7.35
2025-04-29T14:40:43,1,3.97,35920.00,22.66,17246.00,999.00,6.27,1758.30,6.91,7.39
2025-04-29T14:40:44,1,3.96,35920.00,22.66,17246.00,999.00,6.27,1759.70,6.90,7.40
2025-04-29T14:40:44,1,3.97,35920.00,22.66,17246.00,999.00,6.26,1764.00,6.89,7.44
2025-04-29T14:40:44,1,3.95,35920.00,22.66,17246.00,999.00,6.26,1768.20,6.88,7.48
2025-04-29T14:40:44,1,3.97,35970.00,22.69,17266.00,999.00,6.25,1774.70,6.87,7.55
2025-04-29T14:40:44,1,3.99,35970.00,22.69,17266.00,999.00,6.25,1779.40,6.86,7.59
2025-04-29T14:40:45,1,3.97,35970.00,22.69,17266.00,999.00,6.24,1781.80,6.85,7.62
2025-04-29T14:40:45,1,3.95,35970.00,22.69,17266.00,999.00,6.23,1787.20,6.84,7.67
2025-04-29T14:40:45,1,3.96,35970.00,22.69,17266.00,999.00,6.24,1792.10,6.82,7.72
2025-04-29T14:40:45,1,3.96,35980.00,22.70,17275.00,999.00,6.23,1796.40,6.82,7.76
2025-04-29T14:40:45,1,3.95,35980.00,22.70,17275.00,999.00,6.21,1800.80,6.81,7.81
2025-04-29T14:40:46,1,3.95,35980.00,22.70,17275.00,999.00,6.22,1804.10,6.80,7.84
2025-04-29T14:40:46,1,3.97,35980.00,22.70,17275.00,999.00,6.20,1806.40,6.79,7.86
2025-04-29T14:40:46,1,3.97,35980.00,22.70,17275.00,999.00,6.20,1811.60,6.78,7.91
2025-04-29T14:40:46,1,3.98,36040.00,22.74,17301.00,999.00,6.18,1815.90,6.77,7.96
2025-04-29T14:40:46,1,3.97,36040.00,22.74,17301.00,999.00,6.18,1820.40,6.77,8.00
2025-04-29T14:40:47,1,3.95,36040.00,22.74,17301.00,999.00,6.18,1822.40,6.76,8.02
2025-04-29T14:40:47,1,3.97,36040.00,22.74,17301.00,999.00,6.18,1824.80,6.75,8.04
2025-04-29T14:40:47,1,3.97,36040.00,22.74,17301.00,999.00,6.18,1829.50,6.74,8.09
2025-04-29T14:40:47,1,3.97,36060.00,22.75,17309.00,999.00,6.17,1832.80,6.73,8.12
2025-04-29T14:40:47,1,3.97,36060.00,22.75,17309.00,999.00,6.15,1836.20,6.72,8.16
2025-04-29T14:40:48,1,3.97,36060.00,22.75,17309.00,999.00,6.15,1841.70,6.71,8.21
2025-04-29T14:40:48,1,3.95,36060.00,22.75,17309.00,999.00,6.15,1844.70,6.70,8.24
2025-04-29T14:40:48,1,3.94,36060.00,22.75,17309.00,999.00,6.14,1847.40,6.69,8.27
2025-04-29T14:40:48,1,3.99,36050.00,22.75,17307.00,999.00,6.14,1853.30,6.68,8.33
2025-04-29T14:40:48,1,3.99,36050.00,22.75,17307.00,999.00,6.13,1857.40,6.68,8.37
2025-04-29T14:40:49,1,3.98,36050.00,22.75,17307.00,999.00,6.12,1858.60,6.67,8.38
2025-04-29T14:40:49,1,3.97,36050.00,22.75,17307.00,999.00,6.13,1860.20,6.66,8.40
2025-04-29T14:40:49,1,3.97,36050.00,22.75,17307.00,999.00,6.12,1865.90,6.65,8.45
2025-04-29T14:40:49,1,3.99,36050.00,22.75,17308.00,999.00,6.12,1871.80,6.64,8.51
2025-04-29T14:40:49,1,3.97,36050.00,22.75,17308.00,999.00,6.10,1875.90,6.64,8.55
2025-04-29T14:40:50,1,3.95,36050.00,22.75,17308.00,999.00,6.10,1880.60,6.63,8.60
2025-04-29T14:40:50,1,3.97,36050.00,22.75,17308.00,999.00,6.10,1883.00,6.63,8.62
2025-04-29T14:40:50,1,3.97,36050.00,22.75,17308.00,999.00,6.09,1885.90,6.62,8.65
2025-04-29T14:40:50,1,3.98,36060.00,22.76,17312.00,999.00,6.09,1886.50,6.61,8.66
2025-04-29T14:40:50,1,3.95,36060.00,22.76,17312.00,999.00,6.09,1888.40,6.60,8.68
2025-04-29T14:40:51,1,3.98,36060.00,22.76,17312.00,999.00,6.09,1892.60,6.59,8.72
2025-04-29T14:40:51,1,3.96,36060.00,22.76,17312.00,999.00,6.09,1895.20,6.58,8.74
2025-04-29T14:40:51,1,3.97,36060.00,22.76,17312.00,999.00,6.08,1898.40,6.57,8.77
2025-04-29T14:40:51,1,3.97,36080.00,22.77,17319.00,999.00,6.07,1904.20,6.56,8.83
2025-04-29T14:40:51,1,3.98,36080.00,22.77,17319.00,999.00,6.06,1907.90,6.56,8.87
2025-04-29T14:40:52,1,3.98,36080.00,22.77,17319.00,999.00,6.06,1909.90,6.55,8.89
2025-04-29T14:40:52,1,3.97,36080.00,22.77,17319.00,999.00,6.07,1915.10,6.54,8.94
2025-04-29T14:40:52,1,3.95,36060.00,22.76,17312.00,999.00,6.05,1920.80,6.53,9.00
2025-04-29T14:40:52,1,3.98,36060.00,22.76,17312.00,999.00,6.06,1924.80,6.53,9.04
2025-04-29T14:40:52,1,3.95,36060.00,22.76,17312.00,999.00,6.05,1929.10,6.53,9.08
2025-04-29T14:40:53,1,3.97,36060.00,22.76,17312.00,999.00,6.05,1933.80,6.52,9.12
2025-04-29T14:40:53,1,3.95,36060.00,22.76,17312.00,999.00,6.05,1940.00,6.51,9.19
2025-04-29T14:40:53,1,3.94,36020.00,22.73,17292.00,999.00,6.04,1944.50,6.51,9.23
2025-04-29T14:40:53,1,3.97,36020.00,22.73,17292.00,999.00,6.02,1945.90,6.50,9.24
2025-04-29T14:40:53,1,4.00,36020.00,22.73,17292.00,999.00,6.02,1948.90,6.50,9.27
2025-04-29T14:40:54,1,3.97,36020.00,22.73,17292.00,999.00,6.01,1952.80,6.49,9.31
2025-04-29T14:40:54,1,3.94,36020.00,22.73,17292.00,999.00,6.01,1958.00,6.49,9.36
2025-04-29T14:40:54,1,3.96,36040.00,22.74,17301.00,999.00,6.01,1964.60,6.47,9.43
2025-04-29T14:40:54,1,3.98,36040.00,22.74,17301.00,999.00,6.01,1968.50,6.46,9.47
2025-04-29T14:40:54,1,3.97,36040.00,22.74,17301.00,999.00,6.00,1970.40,6.45,9.49
2025-04-29T14:40:55,1,3.97,36040.00,22.74,17301.00,999.00,6.00,1975.60,6.45,9.54
2025-04-29T14:40:55,1,3.97,36040.00,22.74,17301.00,999.00,5.99,1981.50,6.44,9.60
2025-04-29T14:40:55,1,3.97,36020.00,22.73,17293.00,999.00,5.99,1986.40,6.44,9.65
2025-04-29T14:40:55,1,3.97,36020.00,22.73,17293.00,999.00,5.98,1993.60,6.43,9.72
2025-04-29T14:40:55,1,3.95,36020.00,22.73,17293.00,999.00,5.98,2000.70,6.43,9.79
2025-04-29T14:40:56,1,3.95,36020.00,22.73,17293.00,999.00,5.98,2005.60,6.42,9.84
2025-04-29T14:40:56,1,3.97,36020.00,22.73,17293.00,999.00,5.96,2009.70,6.41,9.88
2025-04-29T14:40:56,1,3.97,36000.00,22.71,17284.00,999.00,5.97,2014.20,6.41,9.92
2025-04-29T14:40:56,1,3.99,36000.00,22.71,17284.00,999.00,5.96,2020.20,6.40,9.98
2025-04-29T14:40:56,1,3.97,36000.00,22.71,17284.00,999.00,5.95,2026.50,6.40,10.04
2025-04-29T14:40:57,1,3.97,36000.00,22.71,17284.00,999.00,5.94,2028.50,6.39,10.06
2025-04-29T14:40:57,1,3.97,36000.00,22.71,17284.00,999.00,5.95,2031.50,6.39,10.09
2025-04-29T14:40:57,1,3.99,35990.00,22.71,17280.00,999.00,5.94,2035.20,6.38,10.13
2025-04-29T14:40:57,1,3.97,35990.00,22.71,17280.00,999.00,5.94,2038.70,6.37,10.16
2025-04-29T14:40:57,1,3.98,35990.00,22.71,17280.00,999.00,5.94,2041.00,6.37,10.19
2025-04-29T14:40:58,1,3.96,35990.00,22.71,17280.00,999.00,5.95,2044.70,6.36,10.22
2025-04-29T14:40:58,1,3.95,35990.00,22.71,17280.00,999.00,5.94,2052.60,6.35,10.30
2025-04-29T14:40:58,1,3.96,36090.00,22.78,17327.00,999.00,5.94,2056.00,6.35,10.34
2025-04-29T14:40:58,1,3.99,36090.00,22.78,17327.00,999.00,5.95,2058.80,6.34,10.36
2025-04-29T14:40:58,1,3.97,36090.00,22.78,17327.00,999.00,5.95,2065.30,6.33,10.43
2025-04-29T14:40:59,1,3.95,36090.00,22.78,17327.00,999.00,5.95,2067.20,6.33,10.45
2025-04-29T14:40:59,1,3.94,36090.00,22.78,17327.00,999.00,5.96,2067.00,6.32,10.44
2025-04-29T14:40:59,1,3.97,36130.00,22.80,17344.00,999.00,5.96,2070.10,6.32,10.48
2025-04-29T14:40:59,1,3.97,36130.00,22.80,17344.00,999.00,5.96,2075.90,6.31,10.53
2025-04-29T14:40:59,1,3.97,36130.00,22.80,17344.00,999.00,5.96,2080.60,6.31,10.58
2025-04-29T14:41:00,1,3.95,36130.00,22.80,17344.00,999.00,5.97,2085.40,6.31,10.63
2025-04-29T14:41:00,1,3.97,36130.00,22.80,17344.00,999.00,5.96,2092.90,6.30,10.70
2025-04-29T14:41:00,1,3.99,36110.00,22.79,17335.00,999.00,5.97,2098.80,6.30,10.76
2025-04-29T14:41:00,1,3.98,36110.00,22.79,17335.00,999.00,5.98,2105.00,6.29,10.82
2025-04-29T14:41:00,1,3.99,36110.00,22.79,17335.00,999.00,5.96,2113.10,6.29,10.90
2025-04-29T14:41:01,1,3.96,36110.00,22.79,17335.00,999.00,5.97,2117.50,6.28,10.95
2025-04-29T14:41:01,1,3.96,36110.00,22.79,17335.00,999.00,5.96,2125.70,6.28,11.03
2025-04-29T14:41:01,1,3.98,36130.00,22.81,17346.00,999.00,5.96,2130.00,6.28,11.07
2025-04-29T14:41:01,1,3.96,36130.00,22.81,17346.00,999.00,5.97,2129.20,6.27,11.06
2025-04-29T14:41:01,1,3.96,36130.00,22.81,17346.00,999.00,5.97,2130.20,6.27,11.07
2025-04-29T14:41:02,1,3.95,36130.00,22.81,17346.00,999.00,5.96,2135.60,6.27,11.12
2025-04-29T14:41:02,1,3.95,36130.00,22.81,17346.00,999.00,5.96,2140.70,6.26,11.18
2025-04-29T14:41:02,1,3.95,36110.00,22.79,17336.00,999.00,5.94,2142.90,6.26,11.20
2025-04-29T14:41:02,1,3.98,36110.00,22.79,17336.00,999.00,5.95,2150.00,6.25,11.27
2025-04-29T14:41:02,1,3.96,36110.00,22.79,17336.00,999.00,5.95,2155.80,6.25,11.32
2025-04-29T14:41:03,1,3.97,36110.00,22.79,17336.00,999.00,5.95,2158.40,6.25,11.35
2025-04-29T14:41:03,1,3.97,36110.00,22.79,17336.00,999.00,5.94,2161.30,6.25,11.38
2025-04-29T14:41:03,1,3.96,36030.00,22.73,17298.00,999.00,5.91,2164.00,6.24,11.41
2025-04-29T14:41:03,1,3.98,36030.00,22.73,17298.00,999.00,5.91,2163.70,6.23,11.40
2025-04-29T14:41:03,1,3.97,36030.00,22.73,17298.00,999.00,5.90,2166.50,6.22,11.43
2025-04-29T14:41:04,1,3.95,36030.00,22.73,17298.00,999.00,5.87,2170.30,6.22,11.47
2025-04-29T14:41:04,1,3.97,36030.00,22.73,17298.00,999.00,5.86,2169.00,6.22,11.46
2025-04-29T14:41:04,1,3.95,36000.00,22.71,17282.00,999.00,5.83,2170.70,6.21,11.47
2025-04-29T14:41:04,1,3.99,36000.00,22.71,17282.00,999.00,5.82,2175.60,6.21,11.52
2025-04-29T14:41:04,1,3.99,36000.00,22.71,17282.00,999.00,5.81,2174.00,6.20,11.51
2025-04-29T14:41:05,1,3.97,36000.00,22.71,17282.00,999.00,5.78,2174.40,6.20,11.51
2025-04-29T14:41:05,1,3.97,36000.00,22.71,17282.00,999.00,5.80,2181.40,6.19,11.58
2025-04-29T14:41:05,1,3.98,35960.00,22.69,17265.00,999.00,5.78,2186.00,6.19,11.62
2025-04-29T14:41:05,1,3.98,35960.00,22.69,17265.00,999.00,5.76,2187.60,6.18,11.64
2025-04-29T14:41:05,1,3.96,35960.00,22.69,17265.00,999.00,5.75,2188.00,6.18,11.64
2025-04-29T14:41:06,1,3.96,35960.00,22.69,17265.00,999.00,5.74,2190.00,6.17,11.66
2025-04-29T14:41:06,1,3.97,35960.00,22.69,17265.00,999.00,5.74,2190.90,6.17,11.67
2025-04-29T14:41:06,1,3.97,35980.00,22.70,17271.00,999.00,5.74,2192.50,6.16,11.69
2025-04-29T14:41:06,1,3.96,35980.00,22.70,17271.00,999.00,5.73,2198.50,6.16,11.75
2025-04-29T14:41:06,1,3.99,35980.00,22.70,17271.00,999.00,5.74,2205.60,6.15,11.82
2025-04-29T14:41:07,1,3.96,35980.00,22.70,17271.00,999.00,5.71,2209.50,6.15,11.86
2025-04-29T14:41:07,1,3.96,35980.00,22.70,17271.00,999.00,5.72,2213.30,6.14,11.89
2025-04-29T14:41:07,1,3.96,35980.00,22.70,17270.00,999.00,5.72,2217.50,6.13,11.94
2025-04-29T14:41:07,1,3.97,35980.00,22.70,17270.00,999.00,5.72,2224.80,6.13,12.01
2025-04-29T14:41:07,1,3.97,35980.00,22.70,17270.00,999.00,5.71,2228.90,6.13,12.05
2025-04-29T14:41:08,1,3.97,35980.00,22.70,17270.00,999.00,5.71,2232.90,6.11,12.09
2025-04-29T14:41:08,1,3.98,35980.00,22.70,17270.00,999.00,5.70,2236.50,6.11,12.12
2025-04-29T14:41:08,1,3.96,35980.00,22.70,17271.00,999.00,5.71,2244.10,6.10,12.20
2025-04-29T14:41:08,1,3.98,35980.00,22.70,17271.00,999.00,5.71,2250.20,6.10,12.26
2025-04-29T14:41:08,1,3.99,35980.00,22.70,17271.00,999.00,5.70,2254.30,6.09,12.30
2025-04-29T14:41:09,1,3.98,35980.00,22.70,17271.00,999.00,5.71,2259.50,6.09,12.35
2025-04-29T14:41:09,1,3.95,35990.00,22.71,17278.00,999.00,5.69,2262.30,6.08,12.38
2025-04-29T14:41:09,1,3.98,35990.00,22.71,17278.00,999.00,5.70,2261.60,6.08,12.37
2025-04-29T14:41:09,1,3.99,35990.00,22.71,17278.00,999.00,5.70,2261.00,6.07,12.37
2025-04-29T14:41:09,1,3.97,35990.00,22.71,17278.00,999.00,5.70,2262.00,6.07,12.38
2025-04-29T14:41:10,1,3.99,35990.00,22.71,17278.00,999.00,5.70,2269.90,6.06,12.46
2025-04-29T14:41:10,1,3.98,35980.00,22.70,17273.00,999.00,5.70,2280.30,6.06,12.56
2025-04-29T14:41:10,1,3.95,35980.00,22.70,17273.00,999.00,5.70,2284.30,6.05,12.60
2025-04-29T14:41:10,1,3.99,35980.00,22.70,17273.00,999.00,5.69,2284.20,6.05,12.60
2025-04-29T14:41:10,1,3.97,35980.00,22.70,17273.00,999.00,5.69,2287.50,6.05,12.63
2025-04-29T14:41:11,1,3.96,35980.00,22.70,17273.00,999.00,5.71,2290.90,6.04,12.66
2025-04-29T14:41:11,1,3.97,35970.00,22.69,17267.00,999.00,5.71,2293.70,6.04,12.69
2025-04-29T14:41:11,1,3.96,35970.00,22.69,17267.00,999.00,5.70,2295.50,6.03,12.71
2025-04-29T14:41:11,1,3.97,35970.00,22.69,17267.00,999.00,5.70,2293.80,6.03,12.69
2025-04-29T14:41:11,1,3.94,35970.00,22.69,17267.00,999.00,5.69,2293.90,6.02,12.69
2025-04-29T14:41:12,1,3.97,35970.00,22.69,17267.00,999.00,5.68,2297.00,6.02,12.72
2025-04-29T14:41:12,1,3.97,35980.00,22.70,17271.00,999.00,5.70,2300.70,6.02,12.76
2025-04-29T14:41:12,1,3.98,35980.00,22.70,17271.00,999.00,5.69,2306.50,6.01,12.82
2025-04-29T14:41:12,1,3.95,35980.00,22.70,17271.00,999.00,5.68,2315.50,6.01,12.91
2025-04-29T14:41:12,1,3.97,35980.00,22.70,17271.00,999.00,5.67,2319.30,5.99,12.95
2025-04-29T14:41:13,1,3.97,35980.00,22.70,17271.00,999.00,5.68,2321.50,5.99,12.97
2025-04-29T14:41:13,1,3.99,36000.00,22.71,17280.00,999.00,5.68,2327.40,5.99,13.03
2025-04-29T14:41:13,1,3.98,36000.00,22.71,17280.00,999.00,5.67,2331.50,5.98,13.07
2025-04-29T14:41:13,1,3.97,36000.00,22.71,17280.00,999.00,5.67,2332.50,5.98,13.08
2025-04-29T14:41:13,1,3.97,36000.00,22.71,17280.00,999.00,5.68,2335.20,5.97,13.10
2025-04-29T14:41:14,1,3.95,36000.00,22.71,17280.00,999.00,5.68,2341.80,5.97,13.17
2025-04-29T14:41:14,1,3.95,35990.00,22.70,17276.00,999.00,5.67,2347.70,5.97,13.23
2025-04-29T14:41:14,1,3.98,35990.00,22.70,17276.00,999.00,5.66,2349.70,5.97,13.25
2025-04-29T14:41:14,1,3.97,35990.00,22.70,17276.00,999.00,5.67,2353.30,5.96,13.28
2025-04-29T14:41:15,1,3.97,35990.00,22.70,17276.00,999.00,5.67,2360.30,5.94,13.35
2025-04-29T14:41:15,1,3.98,36010.00,22.72,17287.00,999.00,5.66,2363.50,5.95,13.38
2025-04-29T14:41:15,1,3.97,36010.00,22.72,17287.00,999.00,5.66,2366.20,5.95,13.41
2025-04-29T14:41:15,1,3.96,36010.00,22.72,17287.00,999.00,5.66,2371.10,5.95,13.46
2025-04-29T14:41:15,1,3.97,36010.00,22.72,17287.00,999.00,5.67,2378.00,5.94,13.53
2025-04-29T14:41:16,1,3.97,36010.00,22.72,17287.00,999.00,5.66,2380.30,5.94,13.55
2025-04-29T14:41:16,1,3.94,35990.00,22.70,17275.00,999.00,5.67,2384.50,5.94,13.59
2025-04-29T14:41:16,1,3.96,35990.00,22.70,17275.00,999.00,5.65,2392.40,5.94,13.67
2025-04-29T14:41:16,1,3.97,35990.00,22.70,17275.00,999.00,5.65,2396.00,5.93,13.71
2025-04-29T14:41:16,1,3.97,35990.00,22.70,17275.00,999.00,5.66,2399.60,5.93,13.74
2025-04-29T14:41:17,1,3.97,35990.00,22.70,17275.00,999.00,5.66,2403.00,5.93,13.77
2025-04-29T14:41:17,1,3.96,36000.00,22.72,17285.00,999.00,5.65,2406.50,5.93,13.81
2025-04-29T14:41:17,1,3.99,36000.00,22.72,17285.00,999.00,5.65,2410.30,5.92,13.85
2025-04-29T14:41:17,1,3.97,36000.00,22.72,17285.00,999.00,5.66,2413.40,5.92,13.88
2025-04-29T14:41:17,1,3.97,36000.00,22.72,17285.00,999.00,5.65,2417.10,5.92,13.91
2025-04-29T14:41:18,1,3.96,36000.00,22.72,17285.00,999.00,5.65,2421.00,5.91,13.95
2025-04-29T14:41:18,1,3.95,36000.00,22.72,17284.00,999.00,5.66,2421.90,5.91,13.96
2025-04-29T14:41:18,1,3.98,36000.00,22.72,17284.00,999.00,5.65,2422.20,5.91,13.96
2025-04-29T14:41:18,1,3.95,36000.00,22.72,17284.00,999.00,5.65,2423.00,5.90,13.97
2025-04-29T14:41:18,1,3.97,36000.00,22.72,17284.00,999.00,5.66,2427.80,5.90,14.02
2025-04-29T14:41:19,1,3.97,36000.00,22.72,17284.00,999.00,5.66,2432.80,5.90,14.07
2025-04-29T14:41:19,1,4.00,36010.00,22.72,17285.00,999.00,5.66,2434.20,5.90,14.08
2025-04-29T14:41:19,1,3.97,36010.00,22.72,17285.00,999.00,5.65,2436.30,5.90,14.10
2025-04-29T14:41:19,1,3.98,36010.00,22.72,17285.00,999.00,5.65,2442.70,5.89,14.17
2025-04-29T14:41:19,1,3.95,36010.00,22.72,17285.00,999.00,5.65,2444.90,5.89,14.19
2025-04-29T14:41:20,1,3.97,36010.00,22.72,17285.00,999.00,5.65,2445.50,5.89,14.20
2025-04-29T14:41:20,1,3.98,36020.00,22.72,17290.00,999.00,5.66,2451.50,5.88,14.26
2025-04-29T14:41:20,1,3.97,36020.00,22.72,17290.00,999.00,5.65,2457.40,5.88,14.31
2025-04-29T14:41:20,1,3.97,36020.00,22.72,17290.00,999.00,5.65,2462.30,5.87,14.36
2025-04-29T14:41:20,1,3.95,36020.00,22.72,17290.00,999.00,5.65,2464.90,5.87,14.39
2025-04-29T14:41:21,1,3.97,36020.00,22.72,17290.00,999.00,5.65,2467.00,5.87,14.41
2025-04-29T14:41:21,1,3.98,36010.00,22.72,17289.00,999.00,5.65,2466.70,5.86,14.41
2025-04-29T14:41:21,1,3.99,36010.00,22.72,17289.00,999.00,5.66,2466.70,5.86,14.41
2025-04-29T14:41:21,1,3.98,36010.00,22.72,17289.00,999.00,5.65,2469.50,5.86,14.43
2025-04-29T14:41:21,1,3.97,36010.00,22.72,17289.00,999.00,5.66,2477.10,5.86,14.51
2025-04-29T14:41:22,1,3.97,36010.00,22.72,17289.00,999.00,5.65,2482.10,5.86,14.56
2025-04-29T14:41:22,1,3.97,36000.00,22.71,17282.00,999.00,5.65,2484.30,5.86,14.58
2025-04-29T14:41:22,1,3.97,36000.00,22.71,17282.00,999.00,5.65,2489.40,5.86,14.63
2025-04-29T14:41:22,1,3.97,36000.00,22.71,17282.00,999.00,5.66,2494.30,5.86,14.68
2025-04-29T14:41:22,1,3.98,36000.00,22.71,17282.00,999.00,5.65,2497.70,5.85,14.71
2025-04-29T14:41:23,1,3.98,36000.00,22.71,17282.00,999.00,5.65,2502.00,5.85,14.76
2025-04-29T14:41:23,1,3.97,35980.00,22.70,17274.00,999.00,5.64,2505.90,5.85,14.79
2025-04-29T14:41:23,1,3.98,35980.00,22.70,17274.00,999.00,5.64,2510.80,5.85,14.84
2025-04-29T14:41:23,1,3.97,35980.00,22.70,17274.00,999.00,5.64,2517.90,5.84,14.91
2025-04-29T14:41:23,1,3.97,35980.00,22.70,17274.00,999.00,5.63,2522.40,5.84,14.96
2025-04-29T14:41:24,1,3.97,35980.00,22.70,17274.00,999.00,5.64,2528.30,5.84,15.02
2025-04-29T14:41:24,1,3.97,35940.00,22.67,17253.00,999.00,5.61,2534.50,5.84,15.08
2025-04-29T14:41:24,1,3.98,35940.00,22.67,17253.00,999.00,5.61,2538.50,5.84,15.12
2025-04-29T14:41:24,1,3.99,35940.00,22.67,17253.00,999.00,5.63,2538.70,5.84,15.12
2025-04-29T14:41:24,1,3.95,35940.00,22.67,17253.00,999.00,5.62,2539.70,5.83,15.13
2025-04-29T14:41:25,1,3.97,35940.00,22.67,17253.00,999.00,5.61,2545.10,5.83,15.18
2025-04-29T14:41:25,1,3.99,35950.00,22.68,17257.00,999.00,5.61,2549.70,5.83,15.23
2025-04-29T14:41:25,1,3.97,35950.00,22.68,17257.00,999.00,5.60,2552.60,5.83,15.26
2025-04-29T14:41:25,1,3.93,35950.00,22.68,17257.00,999.00,5.61,2557.40,5.83,15.30
2025-04-29T14:41:25,1,3.98,35950.00,22.68,17257.00,999.00,5.61,2563.70,5.82,15.37
2025-04-29T14:41:26,1,3.97,35950.00,22.68,17257.00,999.00,5.60,2569.70,5.82,15.43
2025-04-29T14:41:26,1,3.95,35950.00,22.68,17258.00,999.00,5.61,2575.10,5.82,15.48
2025-04-29T14:41:26,1,3.99,35950.00,22.68,17258.00,999.00,5.61,2581.30,5.82,15.54
2025-04-29T14:41:26,1,3.95,35950.00,22.68,17258.00,999.00,5.59,2587.30,5.82,15.60
2025-04-29T14:41:26,1,3.97,35950.00,22.68,17258.00,999.00,5.59,2592.30,5.81,15.65
2025-04-29T14:41:27,1,3.95,35950.00,22.68,17258.00,999.00,5.59,2594.50,5.81,15.67
2025-04-29T14:41:27,1,3.97,35960.00,22.68,17262.00,999.00,5.60,2596.00,5.81,15.69
2025-04-29T14:41:27,1,3.98,35960.00,22.68,17262.00,999.00,5.61,2601.00,5.81,15.74
2025-04-29T14:41:27,1,3.98,35960.00,22.68,17262.00,999.00,5.59,2605.30,5.81,15.78
2025-04-29T14:41:27,1,3.96,35960.00,22.68,17262.00,999.00,5.59,2608.80,5.81,15.81
2025-04-29T14:41:28,1,3.96,35960.00,22.68,17262.00,999.00,5.59,2611.50,5.80,15.84
2025-04-29T14:41:28,1,3.98,35950.00,22.67,17256.00,999.00,5.58,2618.50,5.80,15.91
2025-04-29T14:41:28,1,3.97,35950.00,22.67,17256.00,999.00,5.59,2625.80,5.80,15.98
2025-04-29T14:41:28,1,3.99,35950.00,22.67,17256.00,999.00,5.58,2630.40,5.80,16.03
2025-04-29T14:41:28,1,3.96,35950.00,22.67,17256.00,999.00,5.59,2637.10,5.80,16.09
2025-04-29T14:41:29,1,3.94,35950.00,22.67,17256.00,999.00,5.59,2643.40,5.80,16.16
2025-04-29T14:41:29,1,3.98,35970.00,22.69,17266.00,999.00,5.60,2646.00,5.80,16.18
2025-04-29T14:41:29,1,3.97,35970.00,22.69,17266.00,999.00,5.57,2650.40,5.79,16.23
2025-04-29T14:41:29,1,3.94,35970.00,22.69,17266.00,999.00,5.59,2655.20,5.79,16.27
2025-04-29T14:41:29,1,3.95,35970.00,22.69,17266.00,999.00,5.59,2658.70,5.78,16.31
2025-04-29T14:41:30,1,3.94,35970.00,22.69,17266.00,999.00,5.60,2659.90,5.78,16.32
2025-04-29T14:41:30,1,3.95,36000.00,22.71,17283.00,999.00,5.59,2658.70,5.78,16.31
2025-04-29T14:41:30,1,3.96,36000.00,22.71,17283.00,999.00,5.60,2665.90,5.78,16.38
2025-04-29T14:41:30,1,3.95,36000.00,22.71,17283.00,999.00,5.61,2677.50,5.78,16.49
2025-04-29T14:41:30,1,3.96,36000.00,22.71,17283.00,999.00,5.60,2684.30,5.78,16.56
2025-04-29T14:41:31,1,3.97,36000.00,22.71,17283.00,999.00,5.61,2690.00,5.78,16.62
2025-04-29T14:41:31,1,3.98,36010.00,22.72,17289.00,999.00,5.61,2697.70,5.78,16.70
2025-04-29T14:41:31,1,3.97,36010.00,22.72,17289.00,999.00,5.62,2700.90,5.78,16.73
2025-04-29T14:41:31,1,3.97,36010.00,22.72,17289.00,999.00,5.61,2703.20,5.78,16.75
2025-04-29T14:41:31,1,3.95,36010.00,22.72,17289.00,999.00,5.62,2708.60,5.76,16.80
2025-04-29T14:41:32,1,3.95,36010.00,22.72,17289.00,999.00,5.62,2712.90,5.78,16.85
2025-04-29T14:41:32,1,3.96,36050.00,22.75,17305.00,999.00,5.63,2716.40,5.76,16.88
2025-04-29T14:41:32,1,3.96,36050.00,22.75,17305.00,999.00,5.63,2721.20,5.76,16.93
2025-04-29T14:41:32,1,3.98,36050.00,22.75,17305.00,999.00,5.63,2727.50,5.76,16.99
2025-04-29T14:41:32,1,3.97,36050.00,22.75,17305.00,999.00,5.64,2735.90,5.76,17.07
2025-04-29T14:41:33,1,3.97,36080.00,22.77,17319.00,999.00,5.64,2743.40,5.76,17.15
2025-04-29T14:41:33,1,3.99,36080.00,22.77,17319.00,999.00,5.64,2748.10,5.76,17.19
2025-04-29T14:41:33,1,3.97,36080.00,22.77,17319.00,999.00,5.65,2750.60,5.76,17.22
2025-04-29T14:41:33,1,3.97,36080.00,22.77,17319.00,999.00,5.65,2756.10,5.76,17.27
2025-04-29T14:41:33,1,3.94,36080.00,22.77,17319.00,999.00,5.65,2761.50,5.76,17.33
2025-04-29T14:41:34,1,3.99,36090.00,22.77,17324.00,999.00,5.66,2765.50,5.75,17.37
2025-04-29T14:41:34,1,3.97,36090.00,22.77,17324.00,999.00,5.65,2769.30,5.76,17.40
2025-04-29T14:41:34,1,3.96,36090.00,22.77,17324.00,999.00,5.65,2772.10,5.75,17.43
2025-04-29T14:41:34,1,3.96,36090.00,22.77,17324.00,999.00,5.66,2775.80,5.76,17.47
2025-04-29T14:41:34,1,3.94,36090.00,22.77,17324.00,999.00,5.66,2782.70,5.75,17.54
2025-04-29T14:41:35,1,3.95,36090.00,22.77,17325.00,999.00,5.67,2789.70,5.75,17.61
2025-04-29T14:41:35,1,3.96,36090.00,22.77,17325.00,999.00,5.66,2798.00,5.75,17.69
2025-04-29T14:41:35,1,3.96,36090.00,22.77,17325.00,999.00,5.66,2805.10,5.75,17.76
2025-04-29T14:41:35,1,3.97,36090.00,22.77,17325.00,999.00,5.66,2809.20,5.75,17.80
2025-04-29T14:41:35,1,3.97,36090.00,22.77,17325.00,999.00,5.66,2812.50,5.75,17.83
2025-04-29T14:41:36,1,3.97,36110.00,22.79,17334.00,999.00,5.67,2820.30,5.76,17.91
2025-04-29T14:41:36,1,3.99,36110.00,22.79,17334.00,999.00,5.67,2826.70,5.75,17.97
2025-04-29T14:41:36,1,3.98,36110.00,22.79,17334.00,999.00,5.68,2828.40,5.75,17.99
2025-04-29T14:41:36,1,3.97,36110.00,22.79,17334.00,999.00,5.67,2829.70,5.76,18.00
2025-04-29T14:41:36,1,3.97,36110.00,22.79,17334.00,999.00,5.67,2837.70,5.76,18.08
2025-04-29T14:41:37,1,3.95,36110.00,22.79,17336.00,999.00,5.67,2846.50,5.75,18.17
2025-04-29T14:41:37,1,3.99,36110.00,22.79,17336.00,999.00,5.67,2852.80,5.75,18.23
2025-04-29T14:41:37,1,3.96,36110.00,22.79,17336.00,999.00,5.69,2857.70,5.76,18.28
2025-04-29T14:41:37,1,3.95,36110.00,22.79,17336.00,999.00,5.68,2866.10,5.76,18.36
2025-04-29T14:41:37,1,3.96,36110.00,22.79,17336.00,999.00,5.67,2871.40,5.76,18.42
2025-04-29T14:41:38,1,3.99,36150.00,22.82,17355.00,999.00,5.68,2876.00,5.76,18.46
2025-04-29T14:41:38,1,3.98,36150.00,22.82,17355.00,999.00,5.69,2880.40,5.76,18.51
2025-04-29T14:41:38,1,3.96,36150.00,22.82,17355.00,999.00,5.69,2884.00,5.76,18.54
2025-04-29T14:41:38,1,3.97,36150.00,22.82,17355.00,999.00,5.69,2887.90,5.76,18.58
2025-04-29T14:41:38,1,3.97,36150.00,22.82,17355.00,999.00,5.69,2890.50,5.75,18.61
2025-04-29T14:41:39,1,3.97,36150.00,22.81,17352.00,999.00,5.69,2895.60,5.76,18.66
2025-04-29T14:41:39,1,3.98,36150.00,22.81,17352.00,999.00,5.69,2904.30,5.76,18.74
2025-04-29T14:41:39,1,3.97,36150.00,22.81,17352.00,999.00,5.68,2912.30,5.76,18.82
2025-04-29T14:41:39,1,3.97,36150.00,22.81,17352.00,999.00,5.68,2917.90,5.76,18.88
2025-04-29T14:41:39,1,3.94,36150.00,22.81,17352.00,999.00,5.68,2924.00,5.76,18.94
2025-04-29T14:41:40,1,3.97,36160.00,22.82,17359.00,999.00,5.69,2927.80,5.76,18.98
2025-04-29T14:41:40,1,3.97,36160.00,22.82,17359.00,999.00,5.69,2931.50,5.76,19.01
2025-04-29T14:41:40,1,3.97,36160.00,22.82,17359.00,999.00,5.69,2935.80,5.76,19.05
2025-04-29T14:41:40,1,3.97,36160.00,22.82,17359.00,999.00,5.71,2941.20,5.76,19.11
2025-04-29T14:41:40,1,3.97,36160.00,22.82,17359.00,999.00,5.70,2947.50,5.76,19.17
2025-04-29T14:41:41,1,3.99,36150.00,22.82,17356.00,999.00,5.69,2952.80,5.76,19.22
2025-04-29T14:41:41,1,3.97,36150.00,22.82,17356.00,999.00,5.69,2959.70,5.77,19.29
2025-04-29T14:41:41,1,3.99,36150.00,22.82,17356.00,999.00,5.70,2969.90,5.77,19.39
2025-04-29T14:41:41,1,3.97,36150.00,22.82,17356.00,999.00,5.70,2977.80,5.76,19.47
2025-04-29T14:41:41,1,3.95,36150.00,22.82,17356.00,999.00,5.70,2981.50,5.76,19.51
2025-04-29T14:41:42,1,3.97,36160.00,22.82,17358.00,999.00,5.70,2984.20,5.78,19.53
2025-04-29T14:41:42,1,3.97,36160.00,22.82,17358.00,999.00,5.69,2991.60,5.76,19.61
2025-04-29T14:41:42,1,3.96,36160.00,22.82,17358.00,999.00,5.69,2998.80,5.78,19.68
2025-04-29T14:41:42,1,3.95,36160.00,22.82,17358.00,999.00,5.70,3004.90,5.77,19.74
2025-04-29T14:41:42,1,3.94,36160.00,22.82,17358.00,999.00,5.71,3010.70,5.78,19.80
2025-04-29T14:41:43,1,3.99,36180.00,22.84,17368.00,999.00,5.71,3014.10,5.78,19.83
2025-04-29T14:41:43,1,3.99,36180.00,22.84,17368.00,999.00,5.72,3017.30,5.78,19.86
2025-04-29T14:41:43,1,3.97,36180.00,22.84,17368.00,999.00,5.71,3019.30,5.78,19.88
2025-04-29T14:41:43,1,3.97,36180.00,22.84,17368.00,999.00,5.70,3024.10,5.78,19.93
2025-04-29T14:41:43,1,3.95,36180.00,22.84,17368.00,999.00,5.72,3035.50,5.78,20.04
2025-04-29T14:41:44,1,3.98,36190.00,22.85,17376.00,999.00,5.72,3043.30,5.78,20.12
2025-04-29T14:41:44,1,3.97,36190.00,22.85,17376.00,999.00,5.72,3045.30,5.78,20.14
2025-04-29T14:41:44,1,3.97,36190.00,22.85,17376.00,999.00,5.73,3050.30,5.78,20.19
2025-04-29T14:41:44,1,3.95,36190.00,22.85,17376.00,999.00,5.71,3056.30,5.78,20.25
2025-04-29T14:41:44,1,3.95,36190.00,22.85,17376.00,999.00,5.72,3062.90,5.78,20.31
2025-04-29T14:41:45,1,3.97,36210.00,22.86,17382.00,999.00,5.73,3067.40,5.78,20.36
2025-04-29T14:41:45,1,3.95,36210.00,22.86,17382.00,999.00,5.72,3073.00,5.78,20.41
2025-04-29T14:41:45,1,3.98,36210.00,22.86,17382.00,999.00,5.73,3077.30,5.78,20.46
2025-04-29T14:41:45,1,3.96,36210.00,22.86,17382.00,999.00,5.72,3082.80,5.78,20.51
2025-04-29T14:41:45,1,3.96,36210.00,22.86,17382.00,999.00,5.73,3089.90,5.78,20.58
2025-04-29T14:41:46,1,3.98,36220.00,22.87,17388.00,999.00,5.72,3096.80,5.79,20.65
2025-04-29T14:41:46,1,3.97,36220.00,22.87,17388.00,999.00,5.72,3101.30,5.79,20.69
2025-04-29T14:41:46,1,3.94,36220.00,22.87,17388.00,999.00,5.72,3104.90,5.79,20.73
2025-04-29T14:41:46,1,3.97,36220.00,22.87,17388.00,999.00,5.72,3109.30,5.79,20.77
2025-04-29T14:41:46,1,3.95,36220.00,22.87,17388.00,999.00,5.73,3114.20,5.79,20.82
2025-04-29T14:41:47,1,3.97,36230.00,22.87,17393.00,999.00,5.73,3115.20,5.79,20.83
2025-04-29T14:41:47,1,3.99,36230.00,22.87,17393.00,999.00,5.74,3115.60,5.79,20.84
2025-04-29T14:41:47,1,3.95,36230.00,22.87,17393.00,999.00,5.73,3121.70,5.79,20.90
2025-04-29T14:41:47,1,3.97,36230.00,22.87,17393.00,999.00,5.74,3128.00,5.79,20.96
2025-04-29T14:41:47,1,3.97,36230.00,22.87,17393.00,999.00,5.74,3136.50,5.79,21.04
2025-04-29T14:41:48,1,3.98,36260.00,22.89,17407.00,999.00,5.74,3146.10,5.79,21.14
2025-04-29T14:41:48,1,3.98,36260.00,22.89,17407.00,999.00,5.73,3149.50,5.80,21.17
2025-04-29T14:41:48,1,3.95,36260.00,22.89,17407.00,999.00,5.74,3150.40,5.79,21.18
2025-04-29T14:41:48,1,3.96,36260.00,22.89,17407.00,999.00,5.74,3158.70,5.79,21.26
2025-04-29T14:41:48,1,3.95,36260.00,22.89,17407.00,999.00,5.74,3167.80,5.79,21.35
2025-04-29T14:41:49,1,3.96,36290.00,22.92,17423.00,999.00,5.74,3170.80,5.79,21.38
2025-04-29T14:41:49,1,3.97,36290.00,22.92,17423.00,999.00,5.74,3170.00,5.79,21.38
2025-04-29T14:41:49,1,3.97,36290.00,22.92,17423.00,999.00,5.74,3172.80,5.80,21.40
2025-04-29T14:41:49,1,3.95,36290.00,22.92,17423.00,999.00,5.74,3180.10,5.80,21.48
2025-04-29T14:41:49,1,3.97,36340.00,22.95,17445.00,999.00,5.74,3181.40,5.80,21.49
2025-04-29T14:41:50,1,3.95,36340.00,22.95,17445.00,999.00,5.74,3179.60,5.80,21.47
2025-04-29T14:41:50,1,3.97,36340.00,22.95,17445.00,999.00,5.75,3185.30,5.80,21.53
2025-04-29T14:41:50,1,3.94,36340.00,22.95,17445.00,999.00,5.75,3195.80,5.80,21.63
2025-04-29T14:41:50,1,3.97,36340.00,22.95,17445.00,999.00,5.74,3199.60,5.80,21.67
2025-04-29T14:41:50,1,3.97,36330.00,22.94,17439.00,999.00,5.75,3201.00,5.80,21.68
2025-04-29T14:41:51,1,3.97,36330.00,22.94,17439.00,999.00,5.75,3205.10,5.81,21.72
2025-04-29T14:41:51,1,3.97,36330.00,22.94,17439.00,999.00,5.77,3213.70,5.81,21.81
2025-04-29T14:41:51,1,3.97,36330.00,22.94,17439.00,999.00,5.76,3221.10,5.80,21.88
2025-04-29T14:41:51,1,3.97,36330.00,22.94,17439.00,999.00,5.76,3221.30,5.81,21.88
2025-04-29T14:41:51,1,3.97,36340.00,22.95,17445.00,999.00,5.76,3222.80,5.81,21.90
2025-04-29T14:41:52,1,3.97,36340.00,22.95,17445.00,999.00,5.76,3230.90,5.81,21.98
2025-04-29T14:41:52,1,3.97,36340.00,22.95,17445.00,999.00,5.77,3236.00,5.81,22.03
2025-04-29T14:41:52,1,3.97,36340.00,22.95,17445.00,999.00,5.77,3234.90,5.81,22.02
2025-04-29T14:41:52,1,3.95,36340.00,22.95,17445.00,999.00,5.77,3240.50,5.81,22.07
2025-04-29T14:41:52,1,3.97,36360.00,22.96,17455.00,999.00,5.77,3250.30,5.81,22.17
2025-04-29T14:41:53,1,3.98,36360.00,22.96,17455.00,999.00,5.75,3257.90,5.81,22.25
2025-04-29T14:41:53,1,3.97,36360.00,22.96,17455.00,999.00,5.78,3262.60,5.81,22.29
2025-04-29T14:41:53,1,3.97,36360.00,22.96,17455.00,999.00,5.78,3269.90,5.81,22.37
2025-04-29T14:41:53,1,3.96,36360.00,22.96,17455.00,999.00,5.77,3279.40,5.82,22.46
2025-04-29T14:41:53,1,3.95,36370.00,22.97,17458.00,999.00,5.77,3284.80,5.82,22.51
2025-04-29T14:41:54,1,3.99,36370.00,22.97,17458.00,999.00,5.77,3288.10,5.82,22.55
2025-04-29T14:41:54,1,3.98,36370.00,22.97,17458.00,999.00,5.76,3292.30,5.82,22.59
2025-04-29T14:41:54,1,3.97,36370.00,22.97,17458.00,999.00,5.78,3298.60,5.82,22.65
2025-04-29T14:41:54,1,3.95,36370.00,22.97,17458.00,999.00,5.78,3306.90,5.82,22.73
2025-04-29T14:41:54,1,3.98,36340.00,22.95,17448.00,999.00,5.76,3314.50,5.82,22.81
2025-04-29T14:41:55,1,3.97,36340.00,22.95,17448.00,999.00,5.79,3320.20,5.82,22.86
2025-04-29T14:41:55,1,3.97,36340.00,22.95,17448.00,999.00,5.78,3324.00,5.83,22.90
2025-04-29T14:41:55,1,3.95,36340.00,22.95,17448.00,999.00,5.77,3328.90,5.83,22.95
2025-04-29T14:41:55,1,3.97,36340.00,22.95,17448.00,999.00,5.77,3336.30,5.83,23.02
2025-04-29T14:41:55,1,3.96,36330.00,22.94,17441.00,999.00,5.77,3346.60,5.83,23.13
2025-04-29T14:41:56,1,3.97,36330.00,22.94,17441.00,999.00,5.79,3351.30,5.83,23.17
2025-04-29T14:41:56,1,3.95,36330.00,22.94,17441.00,999.00,5.77,3352.80,5.83,23.19
2025-04-29T14:41:56,1,3.97,36330.00,22.94,17441.00,999.00,5.78,3356.60,5.83,23.22
2025-04-29T14:41:56,1,3.95,36330.00,22.94,17441.00,999.00,5.77,3365.40,5.83,23.31
2025-04-29T14:41:56,1,3.97,36360.00,22.97,17457.00,999.00,5.78,3373.30,5.83,23.39
2025-04-29T14:41:57,1,3.98,36360.00,22.97,17457.00,999.00,5.79,3379.90,5.83,23.46
2025-04-29T14:41:57,1,3.97,36360.00,22.97,17457.00,999.00,5.78,3386.10,5.83,23.52
2025-04-29T14:41:57,1,3.97,36360.00,22.97,17457.00,999.00,5.77,3389.50,5.84,23.55
2025-04-29T14:41:57,1,3.94,36360.00,22.97,17457.00,999.00,5.77,3395.60,5.84,23.61
2025-04-29T14:41:57,1,3.95,36350.00,22.96,17450.00,999.00,5.78,3405.30,5.84,23.71
2025-04-29T14:41:58,1,3.97,36350.00,22.96,17450.00,999.00,5.77,3413.90,5.84,23.79
2025-04-29T14:41:58,1,3.97,36350.00,22.96,17450.00,999.00,5.77,3417.60,5.84,23.83
2025-04-29T14:41:58,1,3.97,36350.00,22.96,17450.00,999.00,5.78,3419.50,5.84,23.85
2025-04-29T14:41:58,1,3.97,36350.00,22.96,17450.00,999.00,5.78,3426.40,5.84,23.92
2025-04-29T14:41:58,1,3.98,36340.00,22.95,17447.00,999.00,5.78,3436.50,5.85,24.02
2025-04-29T14:41:59,1,3.97,36340.00,22.95,17447.00,999.00,5.76,3444.00,5.85,24.09
2025-04-29T14:41:59,1,3.98,36340.00,22.95,17447.00,999.00,5.77,3449.40,5.85,24.14
2025-04-29T14:41:59,1,3.97,36340.00,22.95,17447.00,999.00,5.77,3454.90,5.85,24.20
2025-04-29T14:41:59,1,3.97,36340.00,22.95,17447.00,999.00,5.78,3460.50,5.85,24.25
2025-04-29T14:41:59,1,3.95,36360.00,22.97,17457.00,999.00,5.78,3468.80,5.85,24.34
2025-04-29T14:42:00,1,3.96,36360.00,22.97,17457.00,999.00,5.78,3481.80,5.85,24.47
2025-04-29T14:42:00,1,3.96,36360.00,22.97,17457.00,999.00,5.76,3491.70,5.85,24.56
2025-04-29T14:42:00,1,3.98,36360.00,22.97,17457.00,999.00,5.77,3499.80,5.85,24.64
2025-04-29T14:42:00,1,3.95,36360.00,22.97,17457.00,999.00,5.78,3506.80,5.85,24.71
2025-04-29T14:42:00,1,3.96,36350.00,22.96,17450.00,999.00,5.78,3511.00,5.85,24.75
2025-04-29T14:42:01,1,3.99,36350.00,22.96,17450.00,999.00,5.78,3515.70,5.85,24.80
2025-04-29T14:42:01,1,3.96,36350.00,22.96,17450.00,999.00,5.78,3522.00,5.85,24.86
2025-04-29T14:42:01,1,3.97,36350.00,22.96,17450.00,999.00,5.78,3526.70,5.85,24.91
2025-04-29T14:42:01,1,3.97,36350.00,22.96,17450.00,999.00,5.78,3531.20,5.85,24.95
2025-04-29T14:42:01,1,3.98,36360.00,22.96,17455.00,999.00,5.78,3537.60,5.86,25.02
2025-04-29T14:42:02,1,3.96,36360.00,22.96,17455.00,999.00,5.79,3544.80,5.86,25.09
2025-04-29T14:42:02,1,3.96,36360.00,22.96,17455.00,999.00,5.78,3549.50,5.86,25.14
2025-04-29T14:42:02,1,3.97,36360.00,22.96,17455.00,999.00,5.79,3553.80,5.86,25.18
2025-04-29T14:42:02,1,3.97,36360.00,22.96,17455.00,999.00,5.79,3563.50,5.86,25.27
2025-04-29T14:42:02,1,3.97,36380.00,22.98,17465.00,999.00,5.79,3573.20,5.86,25.37
2025-04-29T14:42:03,1,3.97,36380.00,22.98,17465.00,999.00,5.79,3576.90,5.86,25.41
2025-04-29T14:42:03,1,3.97,36380.00,22.98,17465.00,999.00,5.79,3579.10,5.86,25.43
2025-04-29T14:42:03,1,3.97,36380.00,22.98,17465.00,999.00,5.80,3581.80,5.86,25.46
2025-04-29T14:42:03,1,3.95,36380.00,22.98,17465.00,999.00,5.79,3583.70,5.86,25.48
2025-04-29T14:42:03,1,3.99,36380.00,22.98,17466.00,999.00,5.80,3588.10,5.86,25.52
2025-04-29T14:42:04,1,3.97,36380.00,22.98,17466.00,999.00,5.79,3595.70,5.86,25.59
2025-04-29T14:42:04,1,3.98,36380.00,22.98,17466.00,999.00,5.78,3600.70,5.87,25.64
2025-04-29T14:42:04,1,3.97,36380.00,22.98,17466.00,999.00,5.80,3603.70,5.87,25.67
2025-04-29T14:42:04,1,3.97,36380.00,22.98,17466.00,999.00,5.79,3609.70,5.86,25.73
2025-04-29T14:42:04,1,3.97,36380.00,22.98,17464.00,999.00,5.79,3617.30,5.87,25.81
2025-04-29T14:42:05,1,3.99,36380.00,22.98,17464.00,999.00,5.78,3620.70,5.86,25.84
2025-04-29T14:42:05,1,3.95,36380.00,22.98,17464.00,999.00,5.80,3622.00,5.87,25.85
2025-04-29T14:42:05,1,3.94,36380.00,22.98,17464.00,999.00,5.80,3627.90,5.87,25.91
2025-04-29T14:42:05,1,3.94,36380.00,22.98,17464.00,999.00,5.79,3636.50,5.87,26.00
2025-04-29T14:42:06,1,3.98,36400.00,22.99,17473.00,999.00,5.78,3644.00,5.84,26.07
2025-04-29T14:42:06,1,3.97,36400.00,22.99,17473.00,999.00,5.80,3648.40,5.86,26.12
2025-04-29T14:42:06,1,3.97,36400.00,22.99,17473.00,999.00,5.80,3651.10,5.86,26.14
2025-04-29T14:42:06,1,3.95,36390.00,22.99,17469.00,999.00,5.80,3657.30,5.87,26.20
2025-04-29T14:42:06,1,3.97,36390.00,22.99,17469.00,999.00,5.80,3664.90,5.87,26.28
2025-04-29T14:42:07,1,3.95,36390.00,22.99,17469.00,999.00,5.79,3669.90,5.87,26.33
2025-04-29T14:42:07,1,3.96,36390.00,22.99,17469.00,999.00,5.80,3669.90,5.87,26.33
2025-04-29T14:42:07,1,3.97,36390.00,22.99,17469.00,999.00,5.79,3669.10,5.87,26.32
2025-04-29T14:42:07,1,3.95,36370.00,22.97,17461.00,999.00,5.80,3675.60,5.88,26.39
2025-04-29T14:42:07,1,3.95,36370.00,22.97,17461.00,999.00,5.79,3682.30,5.88,26.45
2025-04-29T14:42:08,1,3.97,36370.00,22.97,17461.00,999.00,5.80,3687.80,5.88,26.51
2025-04-29T14:42:08,1,3.97,36370.00,22.97,17461.00,999.00,5.80,3695.40,5.88,26.58
2025-04-29T14:42:08,1,3.97,36370.00,22.97,17461.00,999.00,5.80,3697.80,5.89,26.61
2025-04-29T14:42:08,1,3.95,36380.00,22.98,17464.00,999.00,5.81,3694.40,5.89,26.57
2025-04-29T14:42:08,1,3.95,36380.00,22.98,17464.00,999.00,5.80,3699.40,5.89,26.62
2025-04-29T14:42:09,1,3.97,36380.00,22.98,17464.00,999.00,5.80,3714.30,5.89,26.77
2025-04-29T14:42:09,1,3.99,36380.00,22.98,17464.00,999.00,5.79,3722.30,5.89,26.85
2025-04-29T14:42:09,1,3.95,36380.00,22.98,17464.00,999.00,5.80,3723.80,5.89,26.86
2025-04-29T14:42:09,1,3.95,36380.00,22.98,17463.00,999.00,5.80,3725.90,5.89,26.88
2025-04-29T14:42:09,1,3.97,36380.00,22.98,17463.00,999.00,5.81,3729.50,5.89,26.92
2025-04-29T14:42:10,1,3.97,36380.00,22.98,17463.00,999.00,5.80,3733.20,5.89,26.96
2025-04-29T14:42:10,1,3.96,36380.00,22.98,17463.00,999.00,5.80,3740.20,5.89,27.03
2025-04-29T14:42:10,1,3.96,36380.00,22.98,17463.00,999.00,5.81,3745.90,5.90,27.08
2025-04-29T14:42:10,1,3.97,36370.00,22.97,17461.00,999.00,5.80,3750.80,5.90,27.13
2025-04-29T14:42:10,1,3.96,36370.00,22.97,17461.00,999.00,5.80,3759.20,5.90,27.21
2025-04-29T14:42:11,1,3.99,36370.00,22.97,17461.00,999.00,5.81,3766.60,5.90,27.29
2025-04-29T14:42:11,1,3.95,36370.00,22.97,17461.00,999.00,5.81,3770.60,5.90,27.33
2025-04-29T14:42:11,1,3.97,36370.00,22.97,17461.00,999.00,5.81,3774.20,5.90,27.36
2025-04-29T14:42:11,1,3.99,36380.00,22.98,17463.00,999.00,5.80,3781.90,5.90,27.44
2025-04-29T14:42:11,1,3.95,36380.00,22.98,17463.00,999.00,5.79,3788.90,5.90,27.51
2025-04-29T14:42:12,1,3.99,36380.00,22.98,17463.00,999.00,5.80,3794.50,5.91,27.56
2025-04-29T14:42:12,1,3.97,36380.00,22.98,17463.00,999.00,5.80,3800.50,5.90,27.62
2025-04-29T14:42:12,1,3.97,36380.00,22.98,17463.00,999.00,5.81,3807.90,5.91,27.70
2025-04-29T14:42:12,1,3.97,36390.00,22.99,17469.00,999.00,5.80,3812.80,5.91,27.75
2025-04-29T14:42:12,1,3.99,36390.00,22.99,17469.00,999.00,5.80,3814.40,5.91,27.76
2025-04-29T14:42:13,1,3.97,36390.00,22.99,17469.00,999.00,5.79,3820.90,5.91,27.83
2025-04-29T14:42:13,1,3.94,36390.00,22.99,17469.00,999.00,5.82,3830.50,5.91,27.92
2025-04-29T14:42:13,1,3.97,36390.00,22.99,17469.00,999.00,5.81,3836.60,5.91,27.98
2025-04-29T14:42:13,1,3.97,36410.00,23.00,17478.00,999.00,5.81,3839.90,5.91,28.01
2025-04-29T14:42:13,1,3.98,36410.00,23.00,17478.00,999.00,5.80,3845.00,5.91,28.06
2025-04-29T14:42:14,1,3.95,36410.00,23.00,17478.00,999.00,5.80,3853.50,5.91,28.15
2025-04-29T14:42:14,1,3.97,36410.00,23.00,17478.00,999.00,5.81,3860.80,5.91,28.22
2025-04-29T14:42:14,1,3.95,36410.00,23.00,17478.00,999.00,5.82,3863.60,5.91,28.25
2025-04-29T14:42:14,1,3.98,36420.00,23.01,17486.00,999.00,5.81,3863.30,5.91,28.25
2025-04-29T14:42:14,1,3.97,36420.00,23.01,17486.00,999.00,5.82,3869.20,5.91,28.30
2025-04-29T14:42:15,1,3.97,36420.00,23.01,17486.00,999.00,5.81,3880.90,5.91,28.42
2025-04-29T14:42:15,1,3.95,36420.00,23.01,17486.00,999.00,5.82,3889.50,5.92,28.51
2025-04-29T14:42:15,1,3.96,36460.00,23.03,17502.00,999.00,5.82,3894.40,5.92,28.55
2025-04-29T14:42:15,1,3.95,36460.00,23.03,17502.00,999.00,5.82,3899.70,5.91,28.61
2025-04-29T14:42:15,1,3.97,36460.00,23.03,17502.00,999.00,5.82,3907.80,5.91,28.69
2025-04-29T14:42:16,1,3.98,36460.00,23.03,17502.00,999.00,5.82,3914.90,5.92,28.76
2025-04-29T14:42:16,1,3.98,36460.00,23.03,17502.00,999.00,5.82,3919.90,5.92,28.81
2025-04-29T14:42:16,1,3.95,36480.00,23.05,17515.00,999.00,5.82,3928.30,5.92,28.89
2025-04-29T14:42:16,1,3.97,36480.00,23.05,17515.00,999.00,5.83,3935.10,5.92,28.96
2025-04-29T14:42:17,1,3.98,36480.00,23.05,17515.00,999.00,5.82,3936.00,5.92,28.97
2025-04-29T14:42:17,1,3.95,36480.00,23.05,17515.00,999.00,5.84,3935.00,5.92,28.96
2025-04-29T14:42:17,1,3.97,36480.00,23.05,17515.00,999.00,5.83,3942.10,5.92,29.03
2025-04-29T14:42:17,1,3.97,36490.00,23.06,17518.00,999.00,5.84,3956.90,5.93,29.17
2025-04-29T14:42:17,1,3.95,36490.00,23.06,17518.00,999.00,5.83,3966.40,5.93,29.27
2025-04-29T14:42:18,1,3.96,36490.00,23.06,17518.00,999.00,5.84,3972.10,5.93,29.32
2025-04-29T14:42:18,1,3.97,36490.00,23.06,17518.00,999.00,5.84,3976.50,5.93,29.37
2025-04-29T14:42:18,1,3.95,36490.00,23.06,17518.00,999.00,5.84,3979.30,5.93,29.40
2025-04-29T14:42:18,1,3.94,36510.00,23.07,17529.00,999.00,5.84,3982.60,5.93,29.43
2025-04-29T14:42:18,1,3.95,36510.00,23.07,17529.00,999.00,5.84,3985.00,5.93,29.45
2025-04-29T14:42:19,1,3.97,36510.00,23.07,17529.00,999.00,5.85,3988.80,5.93,29.49
2025-04-29T14:42:19,1,3.96,36510.00,23.07,17529.00,999.00,5.84,3992.20,5.93,29.52
2025-04-29T14:42:19,1,3.94,36510.00,23.07,17529.00,999.00,5.84,3996.90,5.94,29.57
2025-04-29T14:42:19,1,3.97,36470.00,23.04,17508.00,999.00,5.85,4004.70,5.94,29.65
2025-04-29T14:42:19,1,3.97,36470.00,23.04,17508.00,999.00,5.84,4013.30,5.94,29.73
2025-04-29T14:42:20,1,3.99,36470.00,23.04,17508.00,999.00,5.85,4018.50,5.94,29.78
2025-04-29T14:42:20,1,3.98,36470.00,23.04,17508.00,999.00,5.85,4023.30,5.94,29.83
2025-04-29T14:42:20,1,3.95,36470.00,23.04,17508.00,999.00,5.86,4029.60,5.94,29.89
2025-04-29T14:42:20,1,3.95,36500.00,23.06,17522.00,999.00,5.86,4033.70,5.94,29.93
2025-04-29T14:42:20,1,3.99,36500.00,23.06,17522.00,999.00,5.85,4038.60,5.94,29.98
2025-04-29T14:42:21,1,3.97,36500.00,23.06,17522.00,999.00,5.87,4043.90,5.94,30.04
2025-04-29T14:42:21,1,3.97,36500.00,23.06,17522.00,999.00,5.85,4045.10,5.94,30.05
2025-04-29T14:42:21,1,3.98,36500.00,23.06,17522.00,999.00,5.86,4050.00,5.94,30.10
2025-04-29T14:42:21,1,3.98,36490.00,23.05,17516.00,999.00,5.86,4062.30,5.95,30.22
2025-04-29T14:42:21,1,3.96,36490.00,23.05,17516.00,999.00,5.85,4069.60,5.95,30.29
2025-04-29T14:42:22,1,3.96,36490.00,23.05,17516.00,999.00,5.85,4071.80,5.95,30.31
2025-04-29T14:42:22,1,3.97,36490.00,23.05,17516.00,999.00,5.85,4075.90,5.95,30.35
2025-04-29T14:42:22,1,3.97,36490.00,23.05,17516.00,999.00,5.84,4085.40,5.95,30.45
2025-04-29T14:42:22,1,3.97,36450.00,23.03,17500.00,999.00,5.84,4091.40,5.95,30.51
2025-04-29T14:42:22,1,3.97,36450.00,23.03,17500.00,999.00,5.84,4098.90,5.95,30.58
2025-04-29T14:42:23,1,3.95,36450.00,23.03,17500.00,999.00,5.86,4106.00,5.96,30.65
2025-04-29T14:42:23,1,3.97,36450.00,23.03,17500.00,999.00,5.85,4111.20,5.95,30.70
2025-04-29T14:42:23,1,3.95,36450.00,23.03,17500.00,999.00,5.85,4114.00,5.96,30.73
2025-04-29T14:42:23,1,3.98,36460.00,23.04,17505.00,999.00,5.85,4117.70,5.96,30.77
2025-04-29T14:42:23,1,3.99,36460.00,23.04,17505.00,999.00,5.86,4127.10,5.96,30.86
2025-04-29T14:42:24,1,4.00,36460.00,23.04,17505.00,999.00,5.85,4136.70,5.96,30.96
2025-04-29T14:42:24,1,3.94,36460.00,23.04,17505.00,999.00,5.87,4142.40,5.96,31.01
2025-04-29T14:42:24,1,3.94,36460.00,23.04,17505.00,999.00,5.86,4147.10,5.97,31.06
2025-04-29T14:42:24,1,3.98,36570.00,23.11,17558.00,999.00,5.88,4158.10,5.97,31.17
2025-04-29T14:42:24,1,3.97,36570.00,23.11,17558.00,999.00,5.90,4166.00,5.96,31.25
2025-04-29T14:42:25,1,3.99,36570.00,23.11,17558.00,999.00,5.89,4167.70,5.96,31.26
2025-04-29T14:42:25,1,3.95,36570.00,23.11,17558.00,999.00,5.90,4170.60,5.96,31.29
2025-04-29T14:42:25,1,3.97,36570.00,23.11,17558.00,999.00,5.91,4176.70,5.97,31.35
2025-04-29T14:42:25,1,3.95,36610.00,23.14,17577.00,999.00,5.91,4183.20,5.97,31.42
2025-04-29T14:42:25,1,3.98,36610.00,23.14,17577.00,999.00,5.91,4192.50,5.97,31.51
2025-04-29T14:42:26,1,3.96,36610.00,23.14,17577.00,999.00,5.93,4202.40,5.97,31.61
2025-04-29T14:42:26,1,3.97,36610.00,23.14,17577.00,999.00,5.93,4207.10,5.97,31.65
2025-04-29T14:42:26,1,3.97,36610.00,23.14,17577.00,999.00,5.93,4207.20,5.98,31.65
2025-04-29T14:42:26,1,3.99,36650.00,23.17,17597.00,999.00,5.93,4209.90,5.98,31.68
2025-04-29T14:42:26,1,3.97,36650.00,23.17,17597.00,999.00,5.94,4216.80,5.98,31.75
2025-04-29T14:42:27,1,3.97,36650.00,23.17,17597.00,999.00,5.95,4222.50,5.98,31.81
2025-04-29T14:42:27,1,3.97,36650.00,23.17,17597.00,999.00,5.95,4226.40,5.98,31.84
2025-04-29T14:42:27,1,3.97,36650.00,23.17,17597.00,999.00,5.96,4231.60,5.98,31.90
2025-04-29T14:42:27,1,3.97,36620.00,23.15,17580.00,999.00,5.95,4239.80,5.98,31.98
2025-04-29T14:42:27,1,3.97,36620.00,23.15,17580.00,999.00,5.95,4248.30,5.99,32.06
2025-04-29T14:42:28,1,3.97,36620.00,23.15,17580.00,999.00,5.97,4253.10,5.99,32.11
2025-04-29T14:42:28,1,3.97,36620.00,23.15,17580.00,999.00,5.97,4258.30,5.99,32.16
2025-04-29T14:42:28,1,3.94,36620.00,23.15,17580.00,999.00,5.97,4267.90,5.99,32.26
2025-04-29T14:42:28,1,3.95,36650.00,23.17,17597.00,999.00,5.97,4272.40,6.01,32.30
2025-04-29T14:42:28,1,3.97,36650.00,23.17,17597.00,999.00,5.96,4275.70,6.00,32.33
2025-04-29T14:42:29,1,3.98,36650.00,23.17,17597.00,999.00,5.98,4283.30,6.01,32.41
2025-04-29T14:42:29,1,3.97,36650.00,23.17,17597.00,999.00,5.97,4295.30,6.01,32.53
2025-04-29T14:42:29,1,3.97,36650.00,23.17,17597.00,999.00,5.97,4304.50,6.02,32.62
2025-04-29T14:42:29,1,3.98,36660.00,23.17,17597.00,999.00,5.98,4309.90,6.02,32.67
2025-04-29T14:42:29,1,3.97,36660.00,23.17,17597.00,999.00,5.99,4315.00,6.02,32.72
2025-04-29T14:42:30,1,3.98,36660.00,23.17,17597.00,999.00,6.00,4319.40,6.02,32.77
2025-04-29T14:42:30,1,3.94,36660.00,23.17,17597.00,999.00,5.98,4322.30,6.02,32.79
2025-04-29T14:42:30,1,3.95,36660.00,23.17,17597.00,999.00,6.00,4330.00,6.02,32.87
2025-04-29T14:42:30,1,3.98,36730.00,23.22,17634.00,999.00,6.01,4339.90,6.03,32.97
2025-04-29T14:42:30,1,3.98,36730.00,23.22,17634.00,999.00,6.01,4348.20,6.03,33.05
2025-04-29T14:42:31,1,3.95,36730.00,23.22,17634.00,999.00,6.01,4353.80,6.03,33.11
2025-04-29T14:42:31,1,3.94,36730.00,23.22,17634.00,999.00,6.00,4360.00,6.04,33.17
2025-04-29T14:42:31,1,3.97,36730.00,23.22,17634.00,999.00,6.02,4367.00,6.04,33.24
2025-04-29T14:42:31,1,3.98,36760.00,23.24,17646.00,999.00,6.03,4369.70,6.04,33.26
2025-04-29T14:42:31,1,3.99,36760.00,23.24,17646.00,999.00,6.03,4373.30,6.04,33.30
2025-04-29T14:42:32,1,3.95,36760.00,23.24,17646.00,999.00,6.03,4382.80,6.04,33.39
2025-04-29T14:42:32,1,3.96,36760.00,23.24,17646.00,999.00,6.03,4393.30,6.05,33.50
2025-04-29T14:42:32,1,3.94,36760.00,23.24,17646.00,999.00,6.05,4400.30,6.05,33.57
2025-04-29T14:42:32,1,3.97,36780.00,23.26,17655.00,999.00,6.04,4404.30,6.05,33.61
2025-04-29T14:42:32,1,3.98,36780.00,23.26,17655.00,999.00,6.03,4410.90,6.05,33.67
2025-04-29T14:42:33,1,3.99,36780.00,23.26,17655.00,999.00,6.05,4420.00,6.06,33.76
2025-04-29T14:42:33,1,3.96,36780.00,23.26,17655.00,999.00,6.03,4424.00,6.06,33.80
2025-04-29T14:42:33,1,3.97,36760.00,23.24,17646.00,999.00,6.05,4424.60,6.06,33.81
2025-04-29T14:42:33,1,3.96,36760.00,23.24,17646.00,999.00,6.05,4431.50,6.07,33.88
2025-04-29T14:42:33,1,3.97,36760.00,23.24,17646.00,999.00,6.04,4445.10,6.07,34.01
2025-04-29T14:42:34,1,3.95,36760.00,23.24,17646.00,999.00,6.05,4453.10,6.07,34.09
2025-04-29T14:42:34,1,3.97,36760.00,23.24,17646.00,999.00,6.05,4457.40,6.07,34.13
2025-04-29T14:42:34,1,3.97,36760.00,23.24,17646.00,999.00,6.04,4464.50,6.08,34.20
2025-04-29T14:42:34,1,3.97,36760.00,23.24,17646.00,999.00,6.06,4471.20,6.08,34.27
2025-04-29T14:42:34,1,3.98,36760.00,23.24,17646.00,999.00,6.05,4475.30,6.08,34.31
2025-04-29T14:42:35,1,3.96,36760.00,23.24,17646.00,999.00,6.05,4479.90,6.08,34.36
2025-04-29T14:42:35,1,3.97,36760.00,23.24,17646.00,999.00,6.05,4490.40,6.09,34.46
2025-04-29T14:42:35,1,3.97,36770.00,23.25,17651.00,999.00,6.05,4498.30,6.09,34.54
2025-04-29T14:42:35,1,3.97,36770.00,23.25,17651.00,999.00,6.06,4503.90,6.09,34.59
2025-04-29T14:42:35,1,3.97,36770.00,23.25,17651.00,999.00,6.05,4508.90,6.10,34.64
2025-04-29T14:42:36,1,3.96,36770.00,23.25,17651.00,999.00,6.05,4515.90,6.10,34.71
2025-04-29T14:42:36,1,3.96,36770.00,23.25,17651.00,999.00,6.07,4519.80,6.10,34.75
2025-04-29T14:42:36,1,3.97,36760.00,23.25,17649.00,999.00,6.05,4523.50,6.10,34.79
2025-04-29T14:42:36,1,3.95,36760.00,23.25,17649.00,999.00,6.05,4532.30,6.10,34.88
2025-04-29T14:42:36,1,3.95,36760.00,23.25,17649.00,999.00,6.04,4541.70,6.11,34.97
2025-04-29T14:42:37,1,3.96,36760.00,23.25,17649.00,999.00,6.05,4549.60,6.11,35.05
2025-04-29T14:42:37,1,3.97,36760.00,23.25,17649.00,999.00,6.05,4558.00,6.11,35.13
2025-04-29T14:42:37,1,3.96,36780.00,23.26,17656.00,999.00,6.04,4564.40,6.13,35.19
2025-04-29T14:42:37,1,3.97,36780.00,23.26,17656.00,999.00,6.06,4570.10,6.12,35.25
2025-04-29T14:42:37,1,3.96,36780.00,23.26,17656.00,999.00,6.04,4573.80,6.13,35.29
2025-04-29T14:42:38,1,3.94,36780.00,23.26,17656.00,999.00,6.04,4577.40,6.13,35.32
2025-04-29T14:42:38,1,3.95,36780.00,23.26,17656.00,999.00,6.05,4585.90,6.13,35.41
2025-04-29T14:42:38,1,3.99,36770.00,23.25,17653.00,999.00,6.04,4595.10,6.13,35.50
2025-04-29T14:42:38,1,3.97,36770.00,23.25,17653.00,999.00,6.03,4602.20,6.13,35.57
2025-04-29T14:42:38,1,3.97,36770.00,23.25,17653.00,999.00,6.05,4607.60,6.13,35.62
2025-04-29T14:42:39,1,3.95,36770.00,23.25,17653.00,999.00,6.05,4614.60,6.14,35.69
2025-04-29T14:42:39,1,3.96,36770.00,23.25,17653.00,999.00,6.06,4619.80,6.14,35.74
2025-04-29T14:42:39,1,3.97,36780.00,23.26,17656.00,999.00,6.05,4624.20,6.14,35.79
2025-04-29T14:42:39,1,3.99,36780.00,23.26,17656.00,999.00,6.05,4626.40,6.14,35.81
2025-04-29T14:42:39,1,3.97,36780.00,23.26,17656.00,999.00,6.05,4633.40,6.15,35.88
2025-04-29T14:42:40,1,3.97,36780.00,23.26,17656.00,999.00,6.05,4643.50,6.14,35.98
2025-04-29T14:42:40,1,3.94,36780.00,23.26,17656.00,999.00,6.05,4651.30,6.15,36.05
2025-04-29T14:42:40,1,3.95,36760.00,23.24,17647.00,999.00,6.05,4655.30,6.15,36.09
2025-04-29T14:42:40,1,3.97,36760.00,23.24,17647.00,999.00,6.07,4658.90,6.15,36.13
2025-04-29T14:42:40,1,3.96,36760.00,23.24,17647.00,999.00,6.05,4667.80,6.15,36.22
2025-04-29T14:42:41,1,3.97,36760.00,23.24,17647.00,999.00,6.06,4673.80,6.16,36.28
2025-04-29T14:42:41,1,3.96,36760.00,23.24,17647.00,999.00,6.07,4676.50,6.16,36.30
2025-04-29T14:42:41,1,3.99,36760.00,23.25,17648.00,999.00,6.04,4684.30,6.16,36.38
2025-04-29T14:42:41,1,3.97,36760.00,23.25,17648.00,999.00,6.05,4693.70,6.16,36.47
2025-04-29T14:42:41,1,3.97,36760.00,23.25,17648.00,999.00,6.06,4700.60,6.16,36.54
2025-04-29T14:42:42,1,3.97,36760.00,23.25,17648.00,999.00,6.05,4707.10,6.16,36.61
2025-04-29T14:42:42,1,3.96,36760.00,23.25,17648.00,999.00,6.05,4714.10,6.16,36.68
2025-04-29T14:42:42,1,3.96,36760.00,23.24,17646.00,999.00,6.07,4716.20,6.16,36.70
2025-04-29T14:42:42,1,3.97,36760.00,23.24,17646.00,999.00,6.06,4717.70,6.17,36.71
2025-04-29T14:42:42,1,3.99,36760.00,23.24,17646.00,999.00,6.05,4723.80,6.17,36.77
2025-04-29T14:42:43,1,3.95,36760.00,23.24,17646.00,999.00,6.06,4727.60,6.17,36.81
2025-04-29T14:42:43,1,3.97,36760.00,23.24,17646.00,999.00,6.06,4733.20,6.17,36.87
2025-04-29T14:42:43,1,3.97,36780.00,23.26,17656.00,999.00,6.05,4744.40,6.17,36.98
2025-04-29T14:42:43,1,3.95,36780.00,23.26,17656.00,999.00,6.05,4752.80,6.17,37.06
2025-04-29T14:42:43,1,3.98,36780.00,23.26,17656.00,999.00,6.05,4756.20,6.17,37.09
2025-04-29T14:42:44,1,3.94,36780.00,23.26,17656.00,999.00,6.05,4757.70,6.17,37.11
2025-04-29T14:42:44,1,3.96,36780.00,23.26,17656.00,999.00,6.05,4760.80,6.18,37.14
2025-04-29T14:42:44,1,3.97,36780.00,23.26,17659.00,999.00,6.06,4769.10,6.18,37.22
2025-04-29T14:42:44,1,3.99,36780.00,23.26,17659.00,999.00,6.07,4779.10,6.18,37.32
2025-04-29T14:42:44,1,3.99,36780.00,23.26,17659.00,999.00,6.05,4787.50,6.18,37.40
2025-04-29T14:42:45,1,3.98,36780.00,23.26,17659.00,999.00,6.06,4793.90,6.18,37.47
2025-04-29T14:42:45,1,3.94,36780.00,23.26,17659.00,999.00,6.05,4800.10,6.18,37.53
2025-04-29T14:42:45,1,3.95,36780.00,23.25,17655.00,999.00,6.05,4808.60,6.18,37.61
2025-04-29T14:42:45,1,3.95,36780.00,23.25,17655.00,999.00,6.05,4817.60,6.18,37.70
2025-04-29T14:42:45,1,3.97,36780.00,23.25,17655.00,999.00,6.06,4828.10,6.18,37.81
2025-04-29T14:42:46,1,3.96,36780.00,23.25,17655.00,999.00,6.06,4839.30,6.19,37.92
2025-04-29T14:42:46,1,3.97,36780.00,23.25,17655.00,999.00,6.06,4846.60,6.19,37.99
2025-04-29T14:42:46,1,3.97,36780.00,23.26,17655.00,999.00,6.05,4852.70,6.19,38.05
2025-04-29T14:42:46,1,3.99,36780.00,23.26,17655.00,999.00,6.06,4857.60,6.19,38.10
2025-04-29T14:42:46,1,3.99,36780.00,23.26,17655.00,999.00,6.06,4867.10,6.19,38.19
2025-04-29T14:42:47,1,3.97,36780.00,23.26,17655.00,999.00,6.05,4879.30,6.20,38.31
2025-04-29T14:42:47,1,3.97,36780.00,23.26,17655.00,999.00,6.05,4886.00,6.20,38.38
2025-04-29T14:42:47,1,3.97,36790.00,23.26,17659.00,999.00,6.06,4891.30,6.20,38.43
2025-04-29T14:42:47,1,3.98,36790.00,23.26,17659.00,999.00,6.05,4899.70,6.20,38.52
2025-04-29T14:42:47,1,3.95,36790.00,23.26,17659.00,999.00,6.06,4908.20,6.20,38.60
2025-04-29T14:42:48,1,3.96,36790.00,23.26,17659.00,999.00,6.05,4915.40,6.20,38.67
2025-04-29T14:42:48,1,3.97,36780.00,23.26,17655.00,999.00,6.04,4922.70,6.20,38.74
2025-04-29T14:42:48,1,3.98,36780.00,23.26,17655.00,999.00,6.05,4929.40,6.20,38.81
2025-04-29T14:42:48,1,3.98,36780.00,23.26,17655.00,999.00,6.06,4936.50,6.20,38.88
2025-04-29T14:42:48,1,3.96,36780.00,23.26,17655.00,999.00,6.05,4943.10,6.20,38.95
2025-04-29T14:42:49,1,3.95,36780.00,23.26,17655.00,999.00,6.04,4947.90,6.20,38.99
2025-04-29T14:42:49,1,3.95,36810.00,23.28,17670.00,999.00,6.06,4949.60,6.20,39.01
2025-04-29T14:42:49,1,3.96,36810.00,23.28,17670.00,999.00,6.04,4948.20,6.20,39.00
2025-04-29T14:42:49,1,3.99,36810.00,23.28,17670.00,999.00,6.05,4948.50,6.21,39.00
2025-04-29T14:42:49,1,3.97,36810.00,23.28,17670.00,999.00,6.04,4959.20,6.21,39.11
2025-04-29T14:42:50,1,3.94,36810.00,23.28,17670.00,999.00,6.05,4970.40,6.21,39.22
2025-04-29T14:42:50,1,3.95,36780.00,23.26,17657.00,999.00,6.04,4979.20,6.21,39.30
2025-04-29T14:42:50,1,3.97,36780.00,23.26,17657.00,999.00,6.05,4984.40,6.21,39.36
2025-04-29T14:42:50,1,3.99,36780.00,23.26,17657.00,999.00,6.05,4986.90,6.21,39.38
2025-04-29T14:42:50,1,3.97,36780.00,23.26,17657.00,999.00,6.05,4990.90,6.21,39.42
2025-04-29T14:42:51,1,3.97,36780.00,23.26,17657.00,999.00,6.05,5000.30,6.21,39.51
2025-04-29T14:42:51,1,3.95,36780.00,23.26,17658.00,999.00,6.05,5011.30,6.21,39.62
2025-04-29T14:42:51,1,3.97,36780.00,23.26,17658.00,999.00,6.05,5017.50,6.21,39.68
2025-04-29T14:42:51,1,3.99,36780.00,23.26,17658.00,999.00,6.04,5019.10,6.21,39.70
2025-04-29T14:42:51,1,3.95,36780.00,23.26,17658.00,999.00,6.05,5020.00,6.21,39.71
2025-04-29T14:42:52,1,3.97,36780.00,23.26,17658.00,999.00,6.05,5025.60,6.22,39.76
2025-04-29T14:42:52,1,3.95,36790.00,23.27,17664.00,999.00,6.04,5029.40,6.22,39.80
2025-04-29T14:42:52,1,3.99,36790.00,23.27,17664.00,999.00,6.04,5034.70,6.22,39.85
2025-04-29T14:42:52,1,3.97,36790.00,23.27,17664.00,999.00,6.06,5048.70,6.22,39.99
2025-04-29T14:42:52,1,3.97,36790.00,23.27,17664.00,999.00,6.04,5057.80,6.22,40.08
2025-04-29T14:42:53,1,3.97,36790.00,23.27,17664.00,999.00,6.05,5060.60,6.22,40.11
2025-04-29T14:42:53,1,3.97,36810.00,23.28,17671.00,999.00,6.06,5068.00,6.22,40.18
2025-04-29T14:42:53,1,3.97,36810.00,23.28,17671.00,999.00,6.05,5081.00,6.22,40.31
2025-04-29T14:42:53,1,3.95,36810.00,23.28,17671.00,999.00,6.05,5092.90,6.22,40.43
2025-04-29T14:42:53,1,3.95,36810.00,23.28,17671.00,999.00,6.05,5100.60,6.22,40.51
2025-04-29T14:42:54,1,3.97,36810.00,23.28,17671.00,999.00,6.05,5107.40,6.22,40.57
2025-04-29T14:42:54,1,3.96,36800.00,23.27,17665.00,999.00,6.04,5110.60,6.22,40.61
2025-04-29T14:42:54,1,3.97,36800.00,23.27,17665.00,999.00,6.05,5117.40,6.22,40.67
2025-04-29T14:42:54,1,3.95,36800.00,23.27,17665.00,999.00,6.04,5129.70,6.23,40.80
2025-04-29T14:42:54,1,3.94,36800.00,23.27,17665.00,999.00,6.05,5142.20,6.23,40.92
2025-04-29T14:42:55,1,3.97,36800.00,23.27,17665.00,999.00,6.05,5146.90,6.23,40.97
2025-04-29T14:42:55,1,3.98,36770.00,23.25,17654.00,999.00,6.05,5149.70,6.24,40.99
2025-04-29T14:42:55,1,3.97,36770.00,23.25,17654.00,999.00,6.04,5157.30,6.23,41.07
2025-04-29T14:42:55,1,3.95,36770.00,23.25,17654.00,999.00,6.05,5169.70,6.23,41.19
2025-04-29T14:42:55,1,3.98,36770.00,23.25,17654.00,999.00,6.05,5176.60,6.23,41.26
2025-04-29T14:42:56,1,3.96,36770.00,23.25,17654.00,999.00,6.04,5180.20,6.24,41.30
2025-04-29T14:42:56,1,3.97,36800.00,23.27,17665.00,999.00,6.04,5184.30,6.24,41.34
2025-04-29T14:42:56,1,3.95,36800.00,23.27,17665.00,999.00,6.04,5198.00,6.25,41.47
2025-04-29T14:42:56,1,3.97,36800.00,23.27,17665.00,999.00,6.04,5211.50,6.24,41.61
2025-04-29T14:42:56,1,3.97,36800.00,23.27,17665.00,999.00,6.05,5218.30,6.24,41.67
2025-04-29T14:42:57,1,3.97,36800.00,23.27,17665.00,999.00,6.03,5223.20,6.25,41.72
2025-04-29T14:42:57,1,3.98,36800.00,23.27,17667.00,999.00,6.04,5230.40,6.25,41.79
2025-04-29T14:42:57,1,3.96,36800.00,23.27,17667.00,999.00,6.03,5240.30,6.25,41.89
2025-04-29T14:42:57,1,3.98,36800.00,23.27,17667.00,999.00,6.05,5252.10,6.25,42.01
2025-04-29T14:42:57,1,3.97,36800.00,23.27,17667.00,999.00,6.05,5259.40,6.25,42.08
2025-04-29T14:42:58,1,3.97,36800.00,23.27,17667.00,999.00,6.05,5261.10,6.25,42.10
2025-04-29T14:42:58,1,3.97,36790.00,23.26,17661.00,999.00,6.04,5260.30,6.25,42.09
2025-04-29T14:42:58,1,3.95,36790.00,23.26,17661.00,999.00,6.04,5260.50,6.25,42.09
2025-04-29T14:42:58,1,3.97,36790.00,23.26,17661.00,999.00,6.06,5262.80,6.25,42.11
2025-04-29T14:42:58,1,3.94,36790.00,23.26,17661.00,999.00,6.05,5268.20,6.25,42.17
2025-04-29T14:42:59,1,3.95,36790.00,23.26,17661.00,999.00,6.05,5276.10,6.25,42.25
2025-04-29T14:42:59,1,3.97,36810.00,23.28,17673.00,999.00,6.05,5289.30,6.26,42.38
2025-04-29T14:42:59,1,3.95,36810.00,23.28,17673.00,999.00,6.05,5300.20,6.25,42.49
2025-04-29T14:42:59,1,3.95,36810.00,23.28,17673.00,999.00,6.05,5307.00,6.25,42.55
2025-04-29T14:42:59,1,3.97,36810.00,23.28,17673.00,999.00,6.05,5312.50,6.25,42.61
2025-04-29T14:43:00,1,3.95,36810.00,23.28,17673.00,999.00,6.05,5319.80,6.26,42.68
2025-04-29T14:43:00,1,3.98,36800.00,23.27,17666.00,999.00,6.04,5326.80,6.26,42.75
2025-04-29T14:43:00,1,3.95,36800.00,23.27,17666.00,999.00,6.06,5331.00,6.26,42.79
2025-04-29T14:43:00,1,3.98,36800.00,23.27,17666.00,999.00,6.07,5336.50,6.26,42.84
2025-04-29T14:43:00,1,3.95,36800.00,23.27,17666.00,999.00,6.05,5349.40,6.26,42.97
2025-04-29T14:43:01,1,3.97,36800.00,23.27,17666.00,999.00,6.06,5361.00,6.26,43.09
2025-04-29T14:43:01,1,3.97,36810.00,23.28,17671.00,999.00,6.05,5367.60,6.26,43.15
2025-04-29T14:43:01,1,3.99,36810.00,23.28,17671.00,999.00,6.06,5370.10,6.26,43.18
2025-04-29T14:43:01,1,3.95,36810.00,23.28,17671.00,999.00,6.08,5373.90,6.26,43.22
2025-04-29T14:43:01,1,3.95,36810.00,23.28,17671.00,999.00,6.07,5381.30,6.26,43.29
2025-04-29T14:43:02,1,3.97,36810.00,23.28,17671.00,999.00,6.08,5385.90,6.26,43.33
2025-04-29T14:43:02,1,3.97,36840.00,23.30,17686.00,999.00,6.06,5388.40,6.27,43.36
2025-04-29T14:43:02,1,3.97,36840.00,23.30,17686.00,999.00,6.08,5389.80,6.27,43.37
2025-04-29T14:43:02,1,3.98,36840.00,23.30,17686.00,999.00,6.08,5394.30,6.27,43.42
2025-04-29T14:43:02,1,3.94,36840.00,23.30,17686.00,999.00,6.07,5401.80,6.27,43.49
2025-04-29T14:43:03,1,3.98,36840.00,23.30,17686.00,999.00,6.08,5406.90,6.27,43.54
2025-04-29T14:43:03,1,3.95,36850.00,23.31,17692.00,999.00,6.09,5408.50,6.27,43.56
2025-04-29T14:43:03,1,3.97,36850.00,23.31,17692.00,999.00,6.09,5412.60,6.27,43.60
2025-04-29T14:43:03,1,3.96,36850.00,23.31,17692.00,999.00,6.09,5416.80,6.27,43.64
2025-04-29T14:43:03,1,3.96,36850.00,23.31,17692.00,999.00,6.09,5419.20,6.27,43.66
2025-04-29T14:43:04,1,3.95,36850.00,23.31,17692.00,999.00,6.09,5419.30,6.27,43.67
2025-04-29T14:43:04,1,3.97,36890.00,23.34,17711.00,999.00,6.09,5417.30,6.27,43.65
2025-04-29T14:43:04,1,3.97,36890.00,23.34,17711.00,999.00,6.09,5417.50,6.27,43.65
2025-04-29T14:43:04,1,3.99,36890.00,23.34,17711.00,999.00,6.09,5418.90,6.27,43.66
2025-04-29T14:43:04,1,3.97,36890.00,23.34,17711.00,999.00,6.09,5418.80,6.27,43.66
2025-04-29T14:43:05,1,3.96,36900.00,23.34,17715.00,999.00,6.09,5417.80,6.27,43.65
2025-04-29T14:43:05,1,3.98,36900.00,23.34,17715.00,999.00,6.09,5417.60,6.28,43.65