a_test_data/2024.4.22 RV Rutgers/SeaBird_RU23_Recovery.cnv
* Sea-Bird SBE 19 Data File:
* FileName = C:\Users\rucool\Desktop\SBE19_data\2024_04_22_RU23_Recovery.hex
* Software Version Seasave V 7.26.7.121
* Temperature SN = 1645
* Conductivity SN = 1645
* System UpLoad Time = Apr 22 2024 16:58:34
** Ship: R/V Arabella
** Station: Atlantic Ocean
** Operator: Charlotte, Sal,Soph, Jess
# nquan = 4
# nvalues = 290                                   
# units = specified
# name 0 = depSM: Depth [salt water, m], lat = 40.00
# name 1 = sal00: Salinity, Practical [PSU]
# name 2 = t090C: Temperature [ITS-90, deg C]
# name 3 = flag:  0.000e+00
# span 0 =     -0.234,     18.486                 
# span 1 =     0.1546,    30.1078                 
# span 2 =     7.8758,    10.8922                 
# span 3 = 0.0000e+00, 0.0000e+00                 
# interval = seconds: 0.5
# start_time = Apr 22 2024 16:58:34 [System UTC, header]
# bad_flag = -9.990e-29
*END*
     -0.208     0.1932    10.7277  0.000e+00
     -0.208     0.1740    10.7603  0.000e+00
     -0.194     0.1618    10.7847  0.000e+00
     -0.194     0.1684    10.7992  0.000e+00
     -0.208     0.1750    10.8136  0.000e+00
     -0.208     0.1817    10.8281  0.000e+00
     -0.208     0.1786    10.8489  0.000e+00
     -0.194     0.1775    10.8705  0.000e+00
     -0.208     0.1884    10.8922  0.000e+00
     -0.208     0.1965    10.8742  0.000e+00
     -0.221     0.1924    10.8850  0.000e+00
     -0.221     0.1864    10.8859  0.000e+00
     -0.221     0.1714    10.8859  0.000e+00
     -0.208     0.1546    10.8380  0.000e+00
     -0.194     0.1589    10.7801  0.000e+00
     -0.208     0.1739    10.7819  0.000e+00
     -0.221     0.1960    10.7720  0.000e+00
     -0.208     0.2041    10.7638  0.000e+00
     -0.194     0.2605    10.6877  0.000e+00
     -0.208     0.2900    10.5807  0.000e+00
     -0.221     0.2926    10.5181  0.000e+00
     -0.221     0.2689    10.5126  0.000e+00
     -0.208     0.2331    10.4854  0.000e+00
     -0.208     0.2101    10.4053  0.000e+00
     -0.208    29.6408    10.3890  0.000e+00
     -0.142    29.7854    10.1866  0.000e+00
     -0.063    29.4035    10.2140  0.000e+00
     -0.023    29.8557    10.2468  0.000e+00
     -0.010    29.5571    10.2550  0.000e+00
      0.029    29.7299    10.2176  0.000e+00
      0.200    29.9424    10.1034  0.000e+00
      0.292    29.8658    10.0632  0.000e+00
      0.292    29.7605    10.1107  0.000e+00
      0.332    29.8018    10.0952  0.000e+00
      0.345    29.7740    10.0577  0.000e+00
      0.371    29.7047    10.0028  0.000e+00
      0.502    29.8962     9.9460  0.000e+00
      0.608    29.8147     9.9350  0.000e+00
      0.647    29.8132     9.9478  0.000e+00
      0.739    29.8563     9.9175  0.000e+00
      0.739    29.8525     9.9074  0.000e+00
      0.660    29.7747     9.9468  0.000e+00
      0.529    29.7408     9.9991  0.000e+00
      0.568    29.8895     9.9395  0.000e+00
      0.700    29.9479     9.8799  0.000e+00
      0.752    29.9010     9.8744  0.000e+00
      0.726    29.9244     9.8973  0.000e+00
      0.713    29.8555     9.9184  0.000e+00
      0.726    29.9213     9.9046  0.000e+00
      0.700    29.8322     9.9046  0.000e+00
      0.594    29.8231     9.9413  0.000e+00
      0.621    29.8397     9.9285  0.000e+00
      0.700    29.8533     9.9065  0.000e+00
      0.779    29.8654     9.9010  0.000e+00
      0.805    29.9153     9.8973  0.000e+00
      0.805    29.9017     9.8973  0.000e+00
      0.779    29.8911     9.9009  0.000e+00
      0.726    29.8043     9.8945  0.000e+00
      0.752    29.7816     9.9092  0.000e+00
      1.029    29.7544     9.8707  0.000e+00
      1.384    29.7679     9.8229  0.000e+00
      1.594    29.7528     9.7917  0.000e+00
      1.778    29.7254     9.7825  0.000e+00
      1.989    29.7390     9.7549  0.000e+00
      2.226    29.7299     9.7439  0.000e+00
      2.542    29.7229     9.7319  0.000e+00
      2.871    29.7615     9.7145  0.000e+00
      2.976    29.7463     9.7034  0.000e+00
      2.884    29.7448     9.7108  0.000e+00
      2.871    29.7175     9.7181  0.000e+00
      3.042    29.7190     9.7016  0.000e+00
      3.503    29.7097     9.6887  0.000e+00
      3.977    29.7111     9.6703  0.000e+00
      4.307    29.7171     9.6519  0.000e+00
      4.373    29.7315     9.6528  0.000e+00
      4.399    29.7132     9.6601  0.000e+00
      4.649    29.7109     9.6408  0.000e+00
      4.992    29.7168     9.6205  0.000e+00
      5.203    29.7320     9.6132  0.000e+00
      5.229    29.7312     9.6141  0.000e+00
      5.282    29.7137     9.6150  0.000e+00
      5.572    29.7091     9.5984  0.000e+00
      5.902    29.7128     9.5846  0.000e+00
      6.152    29.7211     9.5726  0.000e+00
      6.258    29.7225     9.5726  0.000e+00
      6.350    29.7134     9.5763  0.000e+00
      6.522    29.7034     9.5698  0.000e+00
      6.746    29.7163     9.5504  0.000e+00
      7.115    29.7131     9.5449  0.000e+00
      7.498    29.7183     9.5403  0.000e+00
      7.762    29.7197     9.5384  0.000e+00
      8.039    29.7174     9.5357  0.000e+00
      8.211    29.7127     9.5357  0.000e+00
      8.462    29.7104     9.5274  0.000e+00
      8.832    29.7133     9.5181  0.000e+00
      9.321    29.7261     9.5061  0.000e+00
      9.730    29.7274     9.5043  0.000e+00
     10.127    29.7387     9.4960  0.000e+00
     10.259    29.7440     9.4950  0.000e+00
     10.299    29.7394     9.4969  0.000e+00
     10.523    29.7615     9.4904  0.000e+00
     11.066    29.7857     9.4830  0.000e+00
     11.581    29.8214     9.4729  0.000e+00
     12.084    29.8419     9.4479  0.000e+00
     12.150    29.8627     9.4267  0.000e+00
     12.111    29.8435     9.4424  0.000e+00
     12.283    29.8711     9.4073  0.000e+00
     12.693    29.8811     9.3786  0.000e+00
     13.011    29.9011     9.3472  0.000e+00
     13.368    29.9196     9.3194  0.000e+00
     13.752    29.9311     9.2981  0.000e+00
     14.030    29.9799     9.2416  0.000e+00
     14.256    30.0111     9.1897  0.000e+00
     14.613    30.0500     9.1471  0.000e+00
     14.931    30.0662     9.1276  0.000e+00
     15.289    30.0818     9.1034  0.000e+00
     15.833    30.0887     9.0932  0.000e+00
     16.297    30.0987     9.0830  0.000e+00
     16.522    30.1040     9.0802  0.000e+00
     16.522    30.1063     9.0830  0.000e+00
     16.456    30.0963     9.0839  0.000e+00
     16.655    30.0955     9.0830  0.000e+00
     17.199    30.0984     9.0774  0.000e+00
     17.703    30.1002     9.0780  0.000e+00
     17.982    30.1022     9.0786  0.000e+00
     17.995    30.1042     9.0792  0.000e+00
     17.929    30.1050     9.0783  0.000e+00
     18.048    30.0903     9.0774  0.000e+00
     18.486    30.1025     9.0755  0.000e+00
     18.460    30.1048     9.0765  0.000e+00
     18.420    30.1071     9.0755  0.000e+00
     18.141    30.1056     9.0774  0.000e+00
     17.677    30.1043     9.0774  0.000e+00
     17.265    30.1029     9.0774  0.000e+00
     17.053    30.0968     9.0774  0.000e+00
     16.987    30.1015     9.0755  0.000e+00
     16.907    30.1046     9.0756  0.000e+00
     16.708    30.1046     9.0774  0.000e+00
     16.390    30.1078     9.0774  0.000e+00
     16.058    30.0995     9.0783  0.000e+00
     15.846    30.1026     9.0783  0.000e+00
     15.753    30.0972     9.0793  0.000e+00
     15.713    30.0949     9.0821  0.000e+00
     15.541    30.1004     9.0811  0.000e+00
     15.196    30.0997     9.0858  0.000e+00
     14.918    30.0998     9.0839  0.000e+00
     14.772    30.0874     9.0895  0.000e+00
     14.799    30.0904     9.0932  0.000e+00
     14.693    30.0912     9.0960  0.000e+00
     14.428    30.0843     9.0988  0.000e+00
     14.123    30.0774     9.1072  0.000e+00
     13.885    30.0711     9.1183  0.000e+00
     13.792    30.0602     9.1350  0.000e+00
     13.699    30.0376     9.1582  0.000e+00
     13.487    30.0095     9.1934  0.000e+00
     13.103    29.9924     9.2250  0.000e+00
     12.733    29.9514     9.2722  0.000e+00
     12.574    29.9436     9.2907  0.000e+00
     12.587    29.9296     9.3148  0.000e+00
     12.468    29.9049     9.3370  0.000e+00
     12.150    29.9080     9.3518  0.000e+00
     11.780    29.8904     9.3731  0.000e+00
     11.595    29.8711     9.3962  0.000e+00
     11.634    29.8458     9.4156  0.000e+00
     11.542    29.8350     9.4304  0.000e+00
     11.237    29.8259     9.4378  0.000e+00
     10.894    29.8084     9.4498  0.000e+00
     10.629    29.7901     9.4590  0.000e+00
     10.497    29.7810     9.4664  0.000e+00
     10.471    29.7596     9.4682  0.000e+00
     10.431    29.7611     9.4738  0.000e+00
     10.193    29.7536     9.4756  0.000e+00
      9.862    29.7468     9.4802  0.000e+00
      9.677    29.7393     9.4821  0.000e+00
      9.691    29.7301     9.4876  0.000e+00
      9.638    29.7309     9.4886  0.000e+00
      9.492    29.7324     9.4904  0.000e+00
      9.255    29.7295     9.4941  0.000e+00
      9.030    29.7242     9.4987  0.000e+00
      8.938    29.7227     9.4987  0.000e+00
      8.858    29.7181     9.5024  0.000e+00
      8.660    29.7197     9.5024  0.000e+00
      8.409    29.7198     9.5043  0.000e+00
      8.132    29.7169     9.5080  0.000e+00
      7.947    29.7161     9.5107  0.000e+00
      7.815    29.7185     9.5116  0.000e+00
      7.723    29.7200     9.5116  0.000e+00
      7.577    29.7147     9.5144  0.000e+00
      7.261    29.7255     9.5181  0.000e+00
      7.023    29.7202     9.5264  0.000e+00
      6.904    29.7027     9.5329  0.000e+00
      6.904    29.7225     9.5366  0.000e+00
      6.865    29.7195     9.5403  0.000e+00
      6.640    29.7150     9.5439  0.000e+00
      6.284    29.7220     9.5467  0.000e+00
      6.034    29.7205     9.5541  0.000e+00
      5.941    29.7228     9.5569  0.000e+00
      5.968    29.7167     9.5605  0.000e+00
      5.875    29.7182     9.5624  0.000e+00
      5.559    29.7153     9.5642  0.000e+00
      5.203    29.7268     9.5725  0.000e+00
      4.952    29.7254     9.5781  0.000e+00
      4.781    29.7232     9.5882  0.000e+00
      4.755    29.7262     9.6029  0.000e+00
      4.636    29.7201     9.6122  0.000e+00
      4.452    29.7202     9.6158  0.000e+00
      4.228    29.7157     9.6324  0.000e+00
      3.938    29.7142     9.6582  0.000e+00
      3.635    29.7075     9.6775  0.000e+00
      3.358    29.7098     9.6821  0.000e+00
      3.253    29.7083     9.6840  0.000e+00
      3.213    29.7136     9.6886  0.000e+00
      3.055    29.7107     9.6904  0.000e+00
      2.766    29.7100     9.6895  0.000e+00
      2.450    29.7147     9.6950  0.000e+00
      2.265    29.7163     9.6987  0.000e+00
      2.186    29.7178     9.7005  0.000e+00
      2.094    29.7102     9.7079  0.000e+00
      1.871    29.7118     9.7098  0.000e+00
      1.607    29.7111     9.7125  0.000e+00
      1.331    29.7120     9.7208  0.000e+00
      1.081    29.6954     9.7373  0.000e+00
      0.936    29.7136     9.7502  0.000e+00
      0.936    29.6523     9.7952  0.000e+00
      0.805    29.6932     9.8099  0.000e+00
      0.476    29.6721     9.8265  0.000e+00
      0.226    29.6519     9.8641  0.000e+00
      0.121    29.5775     9.9622  0.000e+00
      0.095    29.4928    10.0309  0.000e+00
     -0.129    29.4335    10.0318  0.000e+00
     -0.181     6.1928     9.9659  0.000e+00
     -0.194     4.5150     9.8494  0.000e+00
     -0.181     3.0441     9.6969  0.000e+00
     -0.194     2.9524     9.5265  0.000e+00
     -0.208     2.8418     9.4333  0.000e+00
     -0.221     2.0487     9.3048  0.000e+00
     -0.221     1.5177     9.1482  0.000e+00
     -0.221     1.2622     9.0116  0.000e+00
     -0.221     1.1466     8.8869  0.000e+00
     -0.221     1.0751     8.7993  0.000e+00
     -0.221     1.0118     8.7032  0.000e+00
     -0.221     0.9994     8.6088  0.000e+00
     -0.221     0.9649     8.4720  0.000e+00
     -0.221     0.9220     8.3547  0.000e+00
     -0.221     0.8792     8.2372  0.000e+00
     -0.221     0.8366     8.1195  0.000e+00
     -0.234     0.9377     8.0468  0.000e+00
     -0.221     0.9413     7.9987  0.000e+00
     -0.221     0.8517     7.9713  0.000e+00
     -0.208     0.9241     7.9373  0.000e+00
     -0.221     1.3790     7.8758  0.000e+00
     -0.234     1.2736     7.8947  0.000e+00
     -0.234     0.9840     7.9023  0.000e+00
     -0.221     0.7452     7.8862  0.000e+00
     -0.221     0.6074     7.8957  0.000e+00
     -0.221     0.5444     7.8928  0.000e+00
     -0.221     0.5259     7.9080  0.000e+00
     -0.234     0.5449     7.9325  0.000e+00
     -0.221     0.5559     7.9618  0.000e+00
     -0.221     0.5167     7.9892  0.000e+00
     -0.221     0.4924     8.0185  0.000e+00
     -0.234     0.4776     8.0242  0.000e+00
     -0.221     0.4731     8.0261  0.000e+00
     -0.221     0.4842     8.0421  0.000e+00
     -0.221     0.5023     8.0459  0.000e+00
     -0.221     0.4987     8.0534  0.000e+00
     -0.221     0.4803     8.0818  0.000e+00
     -0.221     0.4666     8.0855  0.000e+00
     -0.234     0.4711     8.0874  0.000e+00
     -0.234     0.4845     8.1016  0.000e+00
     -0.234     0.4911     8.1176  0.000e+00
     -0.234     0.4907     8.1459  0.000e+00
     -0.221     0.5097     8.1628  0.000e+00
     -0.221     0.5209     8.1704  0.000e+00
     -0.234     0.6127     8.1883  0.000e+00
     -0.234     0.8753     8.2024  0.000e+00
     -0.221     0.8018     8.2184  0.000e+00
     -0.221     1.0025     8.2504  0.000e+00
     -0.221     0.8850     8.2814  0.000e+00
     -0.221     0.6918     8.3021  0.000e+00
     -0.234     0.5637     8.3359  0.000e+00
     -0.234     0.6244     8.3679  0.000e+00
     -0.234     0.6026     8.3829  0.000e+00
     -0.221     0.6730     8.3904  0.000e+00
     -0.221     0.6720     8.3801  0.000e+00
     -0.234     0.5616     8.3923  0.000e+00
     -0.234     0.5850     8.4167  0.000e+00
     -0.221     0.6132     8.4270  0.000e+00
     -0.221     0.5510     8.4251  0.000e+00
     -0.221     0.5248     8.4439  0.000e+00
